  -0.268   0.573   0.774   1.000    10103.47   -44575.74   -32885.57    56307.53
  -0.270   0.581   0.780   1.010     9658.11   -43355.84   -31599.20    54511.62
  -0.272   0.589   0.786   1.019     9234.64   -42182.00   -30373.32    52793.35
  -0.274   0.597   0.792   1.029     8831.78   -41051.93   -29204.41    51148.41
  -0.275   0.605   0.797   1.038     8448.32   -39963.49   -28089.23    49572.77
  -0.277   0.613   0.803   1.048     8083.16   -38914.66   -27024.74    48062.72
  -0.279   0.621   0.808   1.057     7735.23   -37903.54   -26008.12    46614.75
  -0.280   0.629   0.814   1.067     7403.58   -36928.36   -25036.72    45225.60
  -0.282   0.638   0.820   1.076     7087.29   -35987.45   -24108.10    43892.22
  -0.284   0.646   0.825   1.085     6785.52   -35079.23   -23219.94    42611.75
  -0.285   0.654   0.830   1.095     6497.47   -34202.22   -22370.09    41381.52
  -0.287   0.662   0.836   1.104     6222.41   -33355.03   -21556.55    40199.02
  -0.288   0.671   0.841   1.114     5959.64   -32536.32   -20777.43    39061.89
  -0.290   0.679   0.846   1.123     5708.50   -31744.86   -20030.95    37967.91
  -0.291   0.687   0.852   1.133     5468.40   -30979.47   -19315.46    36915.01
  -0.293   0.696   0.857   1.142     5238.75   -30239.04   -18629.41    35901.23
  -0.294   0.704   0.862   1.151     5019.03   -29522.50   -17971.31    34924.73
  -0.296   0.713   0.867   1.161     4808.72   -28828.86   -17339.81    33983.76
  -0.297   0.721   0.872   1.170     4607.36   -28157.18   -16733.60    33076.70
  -0.298   0.730   0.877   1.180     4414.49   -27506.55   -16151.45    32201.98
  -0.300   0.738   0.882   1.189     4229.70   -26876.13   -15592.23    31358.16
  -0.301   0.747   0.887   1.198     4052.60   -26265.09   -15054.84    30543.85
  -0.302   0.756   0.892   1.208     3882.80   -25672.69   -14538.26    29757.76
  -0.304   0.764   0.897   1.217     3719.96   -25098.17   -14041.53    28998.64
  -0.305   0.773   0.902   1.226     3563.75   -24540.86   -13563.73    28265.33
  -0.306   0.782   0.907   1.236     3413.86   -24000.07   -13103.99    27556.72
  -0.307   0.790   0.911   1.245     3269.98   -23475.20   -12661.51    26871.76
  -0.309   0.799   0.916   1.254     3131.84   -22965.63   -12235.50    26209.46
  -0.310   0.808   0.921   1.263     2999.17   -22470.79   -11825.24    25568.88
  -0.311   0.817   0.925   1.273     2871.73   -21990.13   -11430.04    24949.12
  -0.312   0.825   0.930   1.282     2749.28   -21523.14   -11049.23    24349.32
  -0.313   0.834   0.934   1.291     2631.59   -21069.32   -10682.19    23768.69
  -0.314   0.843   0.939   1.300     2518.45   -20628.18   -10328.34    23206.44
  -0.315   0.852   0.943   1.310     2409.66   -20199.29    -9987.10    22661.86
  -0.316   0.861   0.948   1.319     2305.04   -19782.20    -9657.96    22134.24
  -0.317   0.870   0.952   1.328     2204.39   -19376.49    -9340.39    21622.92
  -0.319   0.879   0.956   1.337     2107.54   -18981.78    -9033.93    21127.27
  -0.319   0.888   0.961   1.347     2014.34   -18597.68    -8738.10    20646.69
  -0.320   0.897   0.965   1.356     1924.63   -18223.83    -8452.48    20180.60
  -0.321   0.906   0.969   1.365     1838.26   -17859.87    -8176.66    19728.45
  -0.322   0.915   0.973   1.374     1755.09   -17505.48    -7910.22    19289.73
  -0.323   0.924   0.977   1.383     1674.98   -17160.33    -7652.81    18863.94
  -0.324   0.933   0.981   1.392     1597.81   -16824.12    -7404.07    18450.59
  -0.325   0.942   0.985   1.402     1523.47   -16496.55    -7163.64    18049.24
  -0.326   0.952   0.989   1.411     1451.82   -16177.35    -6931.20    17659.44
  -0.327   0.961   0.993   1.420     1382.77   -15866.23    -6706.45    17280.79
  -0.327   0.970   0.997   1.429     1316.21   -15562.94    -6489.09    16912.89
  -0.328   0.979   1.001   1.438     1252.04   -15267.22    -6278.83    16555.34
  -0.329   0.988   1.005   1.447     1190.17   -14978.85    -6075.40    16207.80
  -0.330   0.998   1.008   1.456     1130.49   -14697.58    -5878.55    15869.91
  -0.330   1.007   1.012   1.465     1072.94   -14423.19    -5688.02    15541.34
  -0.331   1.016   1.016   1.474     1017.42   -14155.47    -5503.58    15221.76
  -0.332   1.025   1.019   1.483      963.85   -13894.22    -5325.01    14910.87
  -0.332   1.035   1.023   1.492      912.16   -13639.23    -5152.08    14608.38
  -0.333   1.044   1.026   1.501      862.28   -13390.32    -4984.60    14314.00
  -0.333   1.053   1.030   1.510      814.14   -13147.30    -4822.36    14027.46
  -0.334   1.063   1.033   1.519      767.68   -12910.00    -4665.18    13748.50
  -0.335   1.072   1.036   1.528      722.82   -12678.24    -4512.86    13476.87
  -0.335   1.082   1.040   1.537      679.51   -12451.86    -4365.25    13212.34
  -0.336   1.091   1.043   1.546      637.69   -12230.70    -4222.16    12954.67
  -0.336   1.101   1.046   1.555      597.31   -12014.62    -4083.45    12703.64
  -0.337   1.110   1.049   1.564      558.31   -11803.46    -3948.96    12459.03
  -0.337   1.119   1.053   1.573      520.65   -11597.07    -3818.53    12220.65
  -0.337   1.129   1.056   1.582      484.26   -11395.34    -3692.04    11988.30
  -0.338   1.139   1.059   1.591      449.12   -11198.11    -3569.33    11761.78
  -0.338   1.148   1.062   1.600      415.16   -11005.27    -3450.30    11540.92
  -0.339   1.158   1.065   1.609      382.36   -10816.69    -3334.80    11325.54
  -0.339   1.167   1.068   1.618      350.66   -10632.25    -3222.72    11115.47
  -0.339   1.177   1.071   1.627      320.03   -10451.84    -3113.94    10910.55
  -0.339   1.186   1.073   1.635      290.43   -10275.35    -3008.36    10710.62
  -0.340   1.196   1.076   1.644      261.82   -10102.66    -2905.87    10515.53
  -0.340   1.206   1.079   1.653      234.17    -9933.68    -2806.36    10325.13
  -0.340   1.215   1.082   1.662      207.45    -9768.30    -2709.73    10139.30
  -0.340   1.225   1.084   1.671      181.62    -9606.43    -2615.89     9957.88
  -0.341   1.234   1.087   1.680      156.65    -9447.97    -2524.76     9780.75
  -0.341   1.244   1.089   1.688      132.52    -9292.83    -2436.24     9607.79
  -0.341   1.254   1.092   1.697      109.19    -9140.93    -2350.24     9438.87
  -0.341   1.263   1.094   1.706       86.63    -8992.18    -2266.69     9273.87
  -0.341   1.273   1.097   1.715       64.82    -8846.50    -2185.51     9112.69
  -0.341   1.283   1.099   1.723       43.74    -8703.80    -2106.62     8955.22
  -0.341   1.293   1.102   1.732       23.35    -8564.01    -2029.96     8801.34
  -0.341   1.302   1.104   1.741        3.64    -8427.06    -1955.44     8650.96
  -0.341   1.312   1.106   1.750      -15.41    -8292.87    -1883.00     8503.98
  -0.341   1.322   1.108   1.758      -33.84    -8161.37    -1812.58     8360.30
  -0.341   1.332   1.110   1.767      -51.65    -8032.50    -1744.12     8219.83
  -0.341   1.341   1.112   1.776      -68.88    -7906.18    -1677.55     8082.49
  -0.341   1.351   1.115   1.784      -85.53    -7782.36    -1612.82     7948.18
  -0.341   1.361   1.117   1.793     -101.64    -7660.97    -1549.87     7816.83
  -0.341   1.371   1.119   1.802     -117.21    -7541.95    -1488.64     7688.35
  -0.340   1.381   1.120   1.810     -132.26    -7425.24    -1429.09     7562.67
  -0.340   1.390   1.122   1.819     -146.82    -7310.79    -1371.16     7439.71
  -0.340   1.400   1.124   1.828     -160.89    -7198.55    -1314.80     7319.40
  -0.340   1.410   1.126   1.836     -174.50    -7088.45    -1259.97     7201.67
  -0.340   1.420   1.128   1.845     -187.66    -6980.44    -1206.62     7086.45
  -0.339   1.430   1.129   1.853     -200.38    -6874.49    -1154.71     6973.67
  -0.339   1.440   1.131   1.862     -212.67    -6770.53    -1104.19     6863.27
  -0.339   1.450   1.133   1.870     -224.56    -6668.51    -1055.03     6755.19
  -0.338   1.459   1.134   1.879     -236.05    -6568.41    -1007.18     6649.37
  -0.338   1.469   1.136   1.887     -247.16    -6470.16     -960.60     6545.75
  -0.338   1.479   1.137   1.896     -257.89    -6373.72     -915.27     6444.27
  -0.337   1.489   1.138   1.904     -268.27    -6279.06     -871.13     6344.88
  -0.337   1.499   1.140   1.913     -278.30    -6186.13     -828.17     6247.52
  -0.336   1.509   1.141   1.921     -287.99    -6094.89     -786.34     6152.15
  -0.336   1.519   1.142   1.930     -297.36    -6005.31     -745.61     6058.72
  -0.335   1.529   1.143   1.938     -306.41    -5917.34     -705.95     5967.17
  -0.335   1.539   1.145   1.947     -315.15    -5830.95     -667.33     5877.46
  -0.334   1.549   1.146   1.955     -323.60    -5746.10     -629.72     5789.55
  -0.334   1.558   1.147   1.963     -331.76    -5662.76     -593.09     5703.39
  -0.333   1.568   1.148   1.972     -339.64    -5580.89     -557.42     5618.93
  -0.332   1.578   1.149   1.980     -347.25    -5500.46     -522.67     5536.14
  -0.332   1.588   1.150   1.989     -354.60    -5421.45     -488.83     5454.98
  -0.331   1.598   1.151   1.997     -361.70    -5343.81     -455.86     5375.40
  -0.330   1.608   1.151   2.005     -368.55    -5267.51     -423.75     5297.37
  -0.330   1.618   1.152   2.014     -375.17    -5192.54     -392.46     5220.85
  -0.329   1.628   1.153   2.022     -381.55    -5118.85     -361.98     5145.80
  -0.328   1.638   1.154   2.030     -387.71    -5046.43     -332.29     5072.20
  -0.327   1.648   1.154   2.038     -393.66    -4975.24     -303.36     5000.00
  -0.327   1.658   1.155   2.047     -399.39    -4905.26     -275.17     4929.18
  -0.326   1.668   1.155   2.055     -404.92    -4836.45     -247.70     4859.69
  -0.325   1.678   1.156   2.063     -410.26    -4768.81     -220.94     4791.52
  -0.324   1.688   1.156   2.071     -415.40    -4702.29     -194.86     4724.63
  -0.323   1.698   1.157   2.080     -420.36    -4636.89     -169.44     4658.98
  -0.322   1.708   1.157   2.088     -425.14    -4572.57     -144.67     4594.56
  -0.321   1.718   1.157   2.096     -429.75    -4509.30     -120.53     4531.34
  -0.320   1.728   1.158   2.104     -434.18    -4447.08      -97.01     4469.28
  -0.319   1.737   1.158   2.112     -438.46    -4385.88      -74.08     4408.36
  -0.318   1.747   1.158   2.120     -442.57    -4325.67      -51.73     4348.56
  -0.317   1.757   1.158   2.128     -446.53    -4266.44      -29.95     4289.85
  -0.316   1.767   1.158   2.136     -450.35    -4208.16       -8.72     4232.20
  -0.315   1.777   1.158   2.145     -454.02    -4150.82       11.97     4175.59
  -0.314   1.787   1.158   2.153     -457.54    -4094.40       32.14     4120.01
  -0.313   1.797   1.158   2.161     -460.94    -4038.87       51.80     4065.42
  -0.312   1.807   1.158   2.169     -464.20    -3984.23       70.97     4011.81
  -0.311   1.817   1.157   2.177     -467.33    -3930.45       89.65     3959.15
  -0.310   1.827   1.157   2.185     -470.34    -3877.51      107.86     3907.42
  -0.308   1.837   1.157   2.193     -473.23    -3825.40      125.61     3856.61
  -0.307   1.847   1.157   2.201     -476.00    -3774.11      142.92     3806.69
  -0.306   1.857   1.156   2.209     -478.66    -3723.61      159.79     3757.65
  -0.305   1.867   1.156   2.216     -481.21    -3673.89      176.24     3709.46
  -0.303   1.876   1.155   2.224     -483.65    -3624.93      192.27     3662.11
  -0.302   1.886   1.155   2.232     -485.99    -3576.73      207.90     3615.58
  -0.301   1.896   1.154   2.240     -488.24    -3529.26      223.14     3569.85
  -0.299   1.906   1.153   2.248     -490.38    -3482.51      237.99     3524.90
  -0.298   1.916   1.153   2.256     -492.43    -3436.46      252.47     3480.73
  -0.296   1.926   1.152   2.264     -494.39    -3391.11      266.59     3437.31
  -0.295   1.936   1.151   2.271     -496.26    -3346.44      280.35     3394.63
  -0.293   1.946   1.150   2.279     -498.05    -3302.44      293.77     3352.68
  -0.292   1.955   1.149   2.287     -499.75    -3259.09      306.85     3311.43
  -0.290   1.965   1.148   2.295     -501.38    -3216.38      319.60     3270.87
  -0.289   1.975   1.147   2.302     -502.92    -3174.30      332.03     3231.00
  -0.287   1.985   1.146   2.310     -504.39    -3132.83      344.15     3191.79
  -0.286   1.995   1.145   2.318     -505.79    -3091.98      355.97     3153.23
  -0.284   2.005   1.144   2.326     -507.12    -3051.72      367.48     3115.31
  -0.282   2.014   1.143   2.333     -508.38    -3012.04      378.71     3078.02
  -0.281   2.024   1.142   2.341     -509.57    -2972.93      389.65     3041.35
  -0.279   2.034   1.140   2.348     -510.70    -2934.39      400.32     3005.28
  -0.277   2.044   1.139   2.356     -511.76    -2896.39      410.72     2969.79
  -0.276   2.053   1.138   2.364     -512.77    -2858.94      420.85     2934.89
  -0.274   2.063   1.136   2.371     -513.71    -2822.02      430.73     2900.56
  -0.272   2.073   1.135   2.379     -514.60    -2785.62      440.36     2866.78
  -0.270   2.083   1.133   2.386     -515.44    -2749.73      449.74     2833.55
  -0.268   2.092   1.131   2.394     -516.22    -2714.35      458.89     2800.85
  -0.267   2.102   1.130   2.401     -516.95    -2679.46      467.81     2768.68
  -0.265   2.112   1.128   2.409     -517.63    -2645.05      476.50     2737.02
  -0.263   2.121   1.126   2.416     -518.26    -2611.12      484.96     2705.87
  -0.261   2.131   1.125   2.424     -518.84    -2577.66      493.21     2675.22
  -0.259   2.141   1.123   2.431     -519.38    -2544.65      501.25     2645.05
  -0.257   2.150   1.121   2.438     -519.88    -2512.10      509.09     2615.36
  -0.255   2.160   1.119   2.446     -520.34    -2479.99      516.72     2586.14
  -0.253   2.169   1.117   2.453     -520.75    -2448.32      524.16     2557.38
  -0.251   2.179   1.115   2.460     -521.12    -2417.07      531.41     2529.07
  -0.249   2.188   1.113   2.468     -521.46    -2386.24      538.47     2501.20
  -0.247   2.198   1.110   2.475     -521.76    -2355.82      545.35     2473.77
  -0.245   2.208   1.108   2.482     -522.02    -2325.81      552.05     2446.77
  -0.242   2.217   1.106   2.489     -522.25    -2296.20      558.58     2420.18
  -0.240   2.226   1.104   2.497     -522.45    -2266.98      564.93     2394.01
  -0.238   2.236   1.101   2.504     -522.61    -2238.14      571.13     2368.25
  -0.236   2.245   1.099   2.511     -522.75    -2209.68      577.16     2342.88
  -0.234   2.255   1.096   2.518     -522.85    -2181.60      583.03     2317.90
  -0.231   2.264   1.094   2.525     -522.92    -2153.87      588.75     2293.30
  -0.229   2.274   1.091   2.532     -522.97    -2126.51      594.31     2269.08
  -0.227   2.283   1.088   2.539     -522.99    -2099.50      599.73     2245.24
  -0.224   2.292   1.086   2.546     -522.99    -2072.83      605.01     2221.75
  -0.222   2.302   1.083   2.553     -522.96    -2046.51      610.15     2198.63
  -0.220   2.311   1.080   2.560     -522.90    -2020.52      615.15     2175.85
  -0.217   2.320   1.077   2.567     -522.83    -1994.86      620.01     2153.42
  -0.215   2.329   1.074   2.574     -522.73    -1969.52      624.75     2131.33
  -0.212   2.339   1.071   2.581     -522.61    -1944.50      629.36     2109.57
  -0.210   2.348   1.068   2.588     -522.47    -1919.80      633.84     2088.14
  -0.207   2.357   1.065   2.595     -522.31    -1895.40      638.20     2067.04
  -0.205   2.366   1.062   2.602     -522.13    -1871.30      642.45     2046.25
  -0.202   2.375   1.059   2.609     -521.94    -1847.51      646.57     2025.77
  -0.200   2.384   1.056   2.615     -521.72    -1824.00      650.59     2005.60
  -0.197   2.394   1.053   2.622     -521.49    -1800.79      654.49     1985.73
  -0.194   2.403   1.049   2.629     -521.25    -1777.85      658.28     1966.16
  -0.192   2.412   1.046   2.636     -520.99    -1755.20      661.97     1946.88
  -0.189   2.421   1.043   2.642     -520.72    -1732.82      665.55     1927.89
  -0.186   2.430   1.039   2.649     -520.43    -1710.71      669.04     1909.18
  -0.184   2.439   1.035   2.656     -520.13    -1688.86      672.42     1890.75
  -0.181   2.447   1.032   2.662     -519.82    -1667.27      675.71     1872.59
  -0.178   2.456   1.028   2.669     -519.49    -1645.95      678.90     1854.70
  -0.175   2.465   1.025   2.675     -519.16    -1624.87      682.00     1837.08
  -0.172   2.474   1.021   2.682     -518.82    -1604.04      685.01     1819.72
  -0.170   2.483   1.017   2.688     -518.46    -1583.46      687.94     1802.61
  -0.167   2.492   1.013   2.695     -518.10    -1563.12      690.77     1785.76
  -0.164   2.500   1.009   2.701     -517.72    -1543.01      693.52     1769.15
  -0.161   2.509   1.005   2.708     -517.34    -1523.14      696.19     1752.79
  -0.158   2.518   1.001   2.714     -516.96    -1503.50      698.78     1736.68
  -0.155   2.526   0.997   2.721     -516.56    -1484.08      701.29     1720.80
  -0.152   2.535   0.993   2.727     -516.16    -1464.88      703.73     1705.15
  -0.149   2.544   0.989   2.733     -515.75    -1445.91      706.08     1689.74
  -0.146   2.552   0.985   2.739     -515.34    -1427.15      708.37     1674.55
  -0.143   2.561   0.981   2.746     -514.92    -1408.60      710.58     1659.58
  -0.140   2.569   0.976   2.752     -514.50    -1390.26      712.72     1644.84
  -0.136   2.577   0.972   2.758     -514.07    -1372.12      714.79     1630.31
  -0.133   2.586   0.968   2.764     -513.64    -1354.19      716.79     1616.00
  -0.130   2.594   0.963   2.770     -513.21    -1336.46      718.73     1601.90
  -0.127   2.603   0.959   2.776     -512.78    -1318.92      720.60     1588.01
  -0.124   2.611   0.954   2.782     -512.34    -1301.58      722.41     1574.32
  -0.120   2.619   0.949   2.788     -511.90    -1284.43      724.16     1560.83
  -0.117   2.627   0.945   2.794     -511.46    -1267.46      725.85     1547.54
  -0.114   2.635   0.940   2.800     -511.01    -1250.68      727.47     1534.45
  -0.110   2.644   0.935   2.806     -510.57    -1234.08      729.04     1521.56
  -0.107   2.652   0.930   2.812     -510.13    -1217.66      730.55     1508.85
  -0.104   2.660   0.926   2.818     -509.68    -1201.41      732.00     1496.33
  -0.100   2.668   0.921   2.824     -509.24    -1185.34      733.40     1484.00
  -0.097   2.676   0.916   2.830     -508.79    -1169.44      734.75     1471.84
  -0.093   2.684   0.911   2.835     -508.35    -1153.71      736.04     1459.87
  -0.090   2.692   0.906   2.841     -507.91    -1138.15      737.28     1448.08
  -0.086   2.699   0.900   2.847     -507.47    -1122.75      738.47     1436.46
  -0.083   2.707   0.895   2.853     -507.04    -1107.51      739.61     1425.02
  -0.079   2.715   0.890   2.858     -506.60    -1092.43      740.69     1413.74
  -0.076   2.723   0.885   2.864     -506.17    -1077.50      741.73     1402.64
  -0.072   2.730   0.880   2.869     -505.74    -1062.74      742.73     1391.70
  -0.068   2.738   0.874   2.875     -505.31    -1048.12      743.67     1380.92
  -0.065   2.745   0.869   2.880     -504.89    -1033.65      744.57     1370.30
  -0.061   2.753   0.863   2.886     -504.47    -1019.33      745.43     1359.85
  -0.057   2.760   0.858   2.891     -504.05    -1005.16      746.24     1349.55
  -0.053   2.768   0.852   2.897     -503.64     -991.13      747.00     1339.40
  -0.050   2.775   0.847   2.902     -503.23     -977.24      747.72     1329.41
  -0.046   2.783   0.841   2.907     -502.82     -963.50      748.40     1319.57
  -0.042   2.790   0.835   2.913     -502.42     -949.89      749.04     1309.88
  -0.038   2.797   0.830   2.918     -502.03     -936.41      749.63     1300.33
  -0.034   2.804   0.824   2.923     -501.64     -923.08      750.19     1290.93
  -0.030   2.811   0.818   2.928     -501.25     -909.87      750.70     1281.67
  -0.026   2.818   0.812   2.933     -500.87     -896.79      751.17     1272.55
  -0.023   2.825   0.806   2.938     -500.50     -883.85      751.61     1263.57
  -0.019   2.832   0.800   2.943     -500.13     -871.02      752.00     1254.72
  -0.015   2.839   0.794   2.948     -499.77     -858.33      752.36     1246.01
  -0.011   2.846   0.788   2.953     -499.41     -845.76      752.68     1237.43
  -0.006   2.853   0.782   2.958     -499.06     -833.31      752.95     1228.98
  -0.002   2.860   0.776   2.963     -498.71     -820.98      753.19     1220.67
   0.002   2.866   0.770   2.968     -498.37     -808.77      753.40     1212.47
   0.006   2.873   0.763   2.973     -498.03     -796.68      753.56     1204.41
   0.010   2.880   0.757   2.978     -497.70     -784.71      753.69     1196.46
   0.014   2.886   0.751   2.982     -497.38     -772.85      753.78     1188.64
   0.018   2.893   0.744   2.987     -497.06     -761.10      753.84     1180.94
   0.023   2.899   0.738   2.992     -496.75     -749.46      753.85     1173.35
   0.027   2.905   0.732   2.996     -496.44     -737.94      753.84     1165.88
   0.031   2.912   0.725   3.001     -496.14     -726.52      753.78     1158.52
   0.035   2.918   0.719   3.005     -495.85     -715.21      753.69     1151.28
   0.040   2.924   0.712   3.010     -495.56     -704.01      753.56     1144.14
   0.044   2.930   0.705   3.014     -495.28     -692.92      753.40     1137.12
   0.048   2.936   0.699   3.019     -495.00     -681.92      753.19     1130.20
   0.053   2.942   0.692   3.023     -494.73     -671.03      752.96     1123.38
   0.057   2.948   0.685   3.028     -494.46     -660.25      752.68     1116.67
   0.062   2.954   0.679   3.032     -494.19     -649.56      752.37     1110.06
   0.066   2.960   0.672   3.036     -493.94     -638.97      752.03     1103.54
   0.071   2.966   0.665   3.040     -493.68     -628.49      751.64     1097.12
   0.075   2.972   0.658   3.044     -493.43     -618.09      751.22     1090.80
   0.080   2.977   0.651   3.049     -493.19     -607.80      750.76     1084.57
   0.084   2.983   0.644   3.053     -492.94     -597.60      750.27     1078.43
   0.089   2.988   0.637   3.057     -492.70     -587.49      749.74     1072.39
   0.093   2.994   0.630   3.061     -492.47     -577.48      749.17     1066.42
   0.098   2.999   0.623   3.065     -492.23     -567.56      748.56     1060.55
   0.103   3.004   0.616   3.069     -492.00     -557.74      747.91     1054.75
   0.107   3.010   0.609   3.073     -491.77     -548.00      747.23     1049.04
   0.112   3.015   0.602   3.076     -491.54     -538.35      746.50     1043.41
   0.117   3.020   0.595   3.080     -491.32     -528.80      745.74     1037.85
   0.122   3.025   0.588   3.084     -491.09     -519.33      744.93     1032.37
   0.126   3.030   0.580   3.088     -490.86     -509.94      744.09     1026.97
   0.131   3.035   0.573   3.091     -490.63     -500.65      743.21     1021.63
   0.136   3.040   0.566   3.095     -490.40     -491.44      742.28     1016.36
   0.141   3.045   0.558   3.099     -490.17     -482.31      741.32     1011.16
   0.146   3.049   0.551   3.102     -489.94     -473.27      740.31     1006.03
   0.150   3.054   0.544   3.106     -489.70     -464.32      739.26     1000.95
   0.155   3.059   0.536   3.109     -489.46     -455.44      738.17      995.94
   0.160   3.063   0.529   3.113     -489.22     -446.65      737.04      990.99
   0.165   3.068   0.521   3.116     -488.97     -437.94      735.86      986.09
   0.170   3.072   0.514   3.119     -488.71     -429.31      734.64      981.25
   0.175   3.076   0.506   3.123     -488.45     -420.77      733.37      976.45
   0.180   3.081   0.499   3.126     -488.18     -412.30      732.06      971.71
   0.185   3.085   0.491   3.129     -487.90     -403.91      730.70      967.01
   0.190   3.089   0.484   3.132     -487.61     -395.60      729.30      962.36
   0.195   3.093   0.476   3.136     -487.31     -387.37      727.85      957.75
   0.200   3.097   0.469   3.139     -487.00     -379.21      726.35      953.18
   0.206   3.101   0.461   3.142     -486.68     -371.13      724.81      948.65
   0.211   3.105   0.453   3.145     -486.34     -363.13      723.21      944.16
   0.216   3.109   0.446   3.148     -485.99     -355.21      721.57      939.69
   0.221   3.113   0.438   3.151     -485.63     -347.36      719.88      935.26
   0.226   3.116   0.430   3.154     -485.25     -339.58      718.13      930.86
   0.232   3.120   0.423   3.157     -484.85     -331.88      716.34      926.48
   0.237   3.123   0.415   3.160     -484.43     -324.25      714.49      922.12
   0.242   3.127   0.407   3.162     -483.99     -316.70      712.60      917.79
   0.247   3.130   0.399   3.165     -483.53     -309.22      710.65      913.47
   0.253   3.134   0.392   3.168     -483.04     -301.81      708.65      909.17
   0.258   3.137   0.384   3.171     -482.53     -294.48      706.59      904.89
   0.263   3.140   0.376   3.173     -482.00     -287.21      704.48      900.61
   0.269   3.143   0.368   3.176     -481.44     -280.02      702.31      896.35
   0.274   3.146   0.360   3.179     -480.85     -272.90      700.09      892.09
   0.279   3.149   0.352   3.181     -480.23     -265.85      697.81      887.83
   0.285   3.152   0.345   3.184     -479.58     -258.86      695.48      883.57
   0.290   3.155   0.337   3.186     -478.89     -251.95      693.09      879.31
   0.296   3.158   0.329   3.189     -478.17     -245.11      690.64      875.05
   0.301   3.161   0.321   3.191     -477.42     -238.33      688.13      870.78
   0.307   3.164   0.313   3.194     -476.63     -231.63      685.57      866.50
   0.312   3.166   0.305   3.196     -475.79     -224.99      682.95      862.21
   0.318   3.169   0.297   3.198     -474.92     -218.41      680.26      857.91
   0.323   3.171   0.289   3.201     -474.00     -211.91      677.52      853.59
   0.329   3.174   0.281   3.203     -473.04     -205.46      674.71      849.25
   0.334   3.176   0.273   3.205     -472.03     -199.09      671.85      844.88
   0.340   3.178   0.265   3.208     -470.97     -192.78      668.92      840.49
   0.346   3.181   0.257   3.210     -469.86     -186.53      665.93      836.08
   0.351   3.183   0.249   3.212     -468.70     -180.35      662.88      831.64
   0.357   3.185   0.241   3.214     -467.48     -174.23      659.77      827.16
   0.363   3.187   0.233   3.216     -466.20     -168.17      656.60      822.65
   0.368   3.189   0.225   3.218     -464.87     -162.18      653.36      818.10
   0.374   3.191   0.217   3.220     -463.47     -156.25      650.06      813.51
   0.380   3.193   0.209   3.222     -462.02     -150.37      646.70      808.88
   0.385   3.195   0.201   3.224     -460.49     -144.56      643.27      804.21
   0.391   3.197   0.193   3.226     -458.90     -138.80      639.79      799.49
   0.397   3.198   0.185   3.228     -457.24     -133.11      636.24      794.72
   0.403   3.200   0.177   3.230     -455.50     -127.47      632.62      789.90
   0.408   3.202   0.169   3.232     -453.69     -121.89      628.94      785.02
   0.414   3.203   0.161   3.234     -451.80     -116.36      625.20      780.09
   0.420   3.204   0.153   3.236     -449.84     -110.89      621.40      775.11
   0.426   3.206   0.145   3.237     -447.79     -105.47      617.54      770.06
   0.432   3.207   0.137   3.239     -445.65     -100.11      613.61      764.95
   0.437   3.209   0.129   3.241     -443.43      -94.79      609.63      759.77
   0.443   3.210   0.121   3.242     -441.11      -89.53      605.58      754.53
   0.449   3.211   0.113   3.244     -438.71      -84.31      601.47      749.23
   0.455   3.212   0.105   3.246     -436.21      -79.15      597.30      743.85
   0.461   3.213   0.097   3.247     -433.61      -74.03      593.07      738.40
   0.467   3.214   0.089   3.249     -430.90      -68.95      588.79      732.87
   0.473   3.215   0.081   3.250     -428.10      -63.92      584.45      727.28
   0.478   3.216   0.073   3.252     -425.18      -58.92      580.05      721.60
   0.484   3.217   0.065   3.253     -422.16      -53.97      575.60      715.85
   0.490   3.217   0.057   3.255     -419.02      -49.06      571.09      710.02
   0.496   3.218   0.049   3.256     -415.77      -44.18      566.53      704.11
   0.502   3.219   0.041   3.258     -412.40      -39.33      561.92      698.12
   0.508   3.219   0.033   3.259     -408.90      -34.52      557.26      692.05
   0.514   3.219   0.025   3.260     -405.28      -29.73      552.56      685.90
   0.520   3.220   0.017   3.262     -401.53      -24.97      547.81      679.67
   0.526   3.220   0.009   3.263     -397.64      -20.24      543.02      673.35
   0.532   3.221   0.001   3.264     -393.63      -15.52      538.19      666.95
   0.538   3.221  -0.007   3.265     -389.47      -10.82      533.32      660.48
   0.543   3.221  -0.015   3.266     -385.16       -6.14      528.41      653.92
   0.549   3.221  -0.024   3.267     -380.72       -1.46      523.48      647.28
   0.555   3.221  -0.032   3.269     -376.12        3.21      518.52      640.57
   0.561   3.221  -0.040   3.270     -371.37        7.88      513.53      633.79
   0.567   3.221  -0.048   3.270     -366.46       12.54      508.52      626.93
   0.573   3.220  -0.056   3.271     -361.39       17.22      503.50      620.01
   0.579   3.220  -0.064   3.272     -356.16       21.91      498.46      613.02
   0.584   3.220  -0.072   3.273     -350.76       26.62      493.42      605.97
   0.590   3.219  -0.080   3.274     -345.18       31.35      488.38      598.88
   0.596   3.219  -0.089   3.275     -339.44       36.10      483.35      591.73
   0.602   3.218  -0.097   3.275     -333.51       40.90      478.33      584.55
   0.607   3.217  -0.105   3.276     -327.40       45.74      473.33      577.34
   0.613   3.216  -0.113   3.276     -321.11       50.63      468.35      570.11
   0.619   3.215  -0.121   3.277     -314.62       55.58      463.41      562.87
   0.624   3.214  -0.130   3.277     -307.95       60.60      458.52      555.65
   0.630   3.213  -0.138   3.277     -301.08       65.70      453.68      548.44
   0.635   3.212  -0.146   3.277     -294.01       70.88      448.91      541.28
   0.640   3.211  -0.154   3.278     -286.75       76.17      444.21      534.18
   0.646   3.209  -0.163   3.278     -279.28       81.56      439.61      527.17
   0.651   3.208  -0.171   3.277     -271.62       87.07      435.11      520.26
   0.656   3.206  -0.179   3.277     -263.75       92.72      430.72      513.50
   0.661   3.204  -0.188   3.277     -255.68       98.52      426.47      506.91
   0.666   3.202  -0.196   3.276     -247.42      104.48      422.37      500.53
   0.671   3.200  -0.205   3.276     -238.95      110.61      418.44      494.40
   0.676   3.197  -0.213   3.275     -230.30      116.94      414.70      488.56
   0.681   3.195  -0.222   3.274     -221.46      123.47      411.16      483.06
   0.685   3.192  -0.230   3.273     -212.44      130.23      407.85      477.95
   0.690   3.190  -0.239   3.272     -203.25      137.22      404.79      473.28
   0.694   3.187  -0.247   3.271     -193.90      144.47      402.00      469.12
   0.698   3.183  -0.256   3.269     -184.42      151.98      399.51      465.52
   0.702   3.180  -0.265   3.267     -174.80      159.77      397.32      462.55
   0.705   3.176  -0.273   3.265     -165.08      167.86      395.48      460.25
   0.709   3.173  -0.282   3.263     -155.27      176.25      393.99      458.69
   0.712   3.169  -0.290   3.261     -145.40      184.95      392.87      457.92
   0.715   3.165  -0.299   3.258     -135.49      193.98      392.14      458.00
   0.718   3.160  -0.307   3.255     -125.58      203.32      391.82      458.95
   0.721   3.156  -0.316   3.252     -115.68      213.00      391.91      460.81
   0.723   3.151  -0.324   3.249     -105.82      223.00      392.42      463.60
   0.725   3.146  -0.333   3.246      -96.04      233.33      393.36      467.33
   0.727   3.141  -0.341   3.242      -86.37      243.98      394.73      472.01
   0.729   3.136  -0.350   3.238      -76.82      254.94      396.51      477.62
   0.730   3.130  -0.358   3.234      -67.42      266.20      398.72      484.13
   0.732   3.125  -0.366   3.230      -58.21      277.75      401.33      491.53
   0.733   3.119  -0.374   3.226      -49.19      289.58      404.34      499.77
   0.734   3.113  -0.382   3.221      -40.38      301.69      407.74      508.82
   0.734   3.107  -0.390   3.217      -31.81      314.05      411.49      518.62
   0.735   3.101  -0.398   3.212      -23.48      326.66      415.60      529.13
   0.735   3.095  -0.406   3.207      -15.41      339.50      420.04      540.30
   0.735   3.089  -0.414   3.202       -7.60      352.56      424.79      552.09
   0.736   3.082  -0.421   3.197       -0.05      365.83      429.84      564.44
   0.735   3.076  -0.429   3.191        7.21      379.31      435.17      577.32
   0.735   3.069  -0.436   3.186       14.20      392.97      440.75      590.67
   0.735   3.062  -0.444   3.180       20.91      406.81      446.57      604.45
   0.735   3.056  -0.451   3.175       27.33      420.83      452.62      618.64
   0.734   3.049  -0.458   3.169       33.48      435.01      458.88      633.19
   0.734   3.042  -0.466   3.163       39.35      449.35      465.33      648.07
   0.733   3.035  -0.473   3.158       44.94      463.85      471.96      663.26
   0.732   3.028  -0.480   3.152       50.25      478.48      478.74      678.72
   0.731   3.021  -0.487   3.146       55.29      493.26      485.68      694.44
   0.731   3.014  -0.494   3.140       60.06      508.17      492.76      710.39
   0.730   3.006  -0.501   3.134       64.56      523.21      499.96      726.55
   0.729   2.999  -0.508   3.128       68.79      538.37      507.27      742.90
   0.728   2.992  -0.514   3.122       72.77      553.66      514.68      759.43
   0.727   2.985  -0.521   3.116       76.49      569.06      522.18      776.11
   0.726   2.977  -0.528   3.110       79.95      584.58      529.76      792.95
   0.725   2.970  -0.535   3.103       83.16      600.21      537.41      809.93
   0.724   2.962  -0.541   3.097       86.13      615.94      545.13      827.03
   0.723   2.955  -0.548   3.091       88.85      631.79      552.89      844.24
   0.722   2.947  -0.554   3.085       91.34      647.73      560.70      861.56
   0.721   2.940  -0.561   3.078       93.59      663.78      568.55      878.98
   0.720   2.932  -0.567   3.072       95.60      679.92      576.42      896.49
   0.719   2.925  -0.574   3.066       97.39      696.16      584.31      914.08
   0.717   2.917  -0.580   3.060       98.95      712.49      592.22      931.75
   0.716   2.909  -0.586   3.053      100.29      728.91      600.13      949.49
   0.715   2.902  -0.593   3.047      101.41      745.43      608.04      967.30
   0.714   2.894  -0.599   3.040      102.32      762.03      615.94      985.16
   0.713   2.886  -0.605   3.034      103.02      778.72      623.83     1003.09
   0.712   2.879  -0.611   3.028      103.50      795.50      631.70     1021.06
   0.711   2.871  -0.618   3.021      103.79      812.35      639.54     1039.09
   0.710   2.863  -0.624   3.015      103.87      829.29      647.35     1057.15
   0.709   2.855  -0.630   3.008      103.76      846.32      655.11     1075.26
   0.708   2.847  -0.636   3.002      103.45      863.42      662.84     1093.41
   0.707   2.839  -0.642   2.996      102.95      880.59      670.51     1111.59
   0.706   2.831  -0.648   2.989      102.26      897.85      678.13     1129.80
   0.706   2.823  -0.654   2.983      101.39      915.18      685.69     1148.04
   0.705   2.815  -0.660   2.976      100.34      932.58      693.18     1166.31
   0.704   2.807  -0.666   2.970       99.12      950.06      700.60     1184.60
   0.703   2.799  -0.672   2.963       97.72      967.61      707.95     1202.92
   0.702   2.791  -0.678   2.957       96.15      985.23      715.21     1221.25
   0.701   2.783  -0.683   2.950       94.41     1002.93      722.38     1239.60
   0.701   2.775  -0.689   2.944       92.51     1020.69      729.46     1257.97
   0.700   2.767  -0.695   2.938       90.45     1038.52      736.45     1276.35
   0.699   2.759  -0.701   2.931       88.24     1056.41      743.34     1294.74
   0.699   2.751  -0.706   2.925       85.88     1074.38      750.12     1313.14
   0.698   2.742  -0.712   2.918       83.37     1092.41      756.78     1331.55
   0.697   2.734  -0.718   2.912       80.71     1110.50      763.34     1349.97
   0.697   2.726  -0.723   2.905       77.92     1128.66      769.77     1368.39
   0.696   2.718  -0.729   2.899       74.98     1146.88      776.08     1386.82
   0.696   2.709  -0.735   2.892       71.92     1165.17      782.26     1405.25
   0.695   2.701  -0.740   2.886       68.73     1183.51      788.31     1423.68
   0.695   2.693  -0.746   2.879       65.41     1201.92      794.21     1442.11
   0.694   2.684  -0.751   2.873       61.98     1220.40      799.98     1460.54
   0.694   2.676  -0.757   2.866       58.43     1238.93      805.60     1478.97
   0.694   2.668  -0.762   2.860       54.76     1257.52      811.07     1497.40
   0.693   2.659  -0.768   2.853       50.99     1276.17      816.38     1515.82
   0.693   2.651  -0.773   2.847       47.12     1294.89      821.54     1534.24
   0.693   2.642  -0.778   2.840       43.15     1313.66      826.53     1552.65
   0.692   2.634  -0.784   2.834       39.08     1332.50      831.36     1571.06
   0.692   2.625  -0.789   2.827       34.93     1351.39      836.01     1589.46
   0.692   2.617  -0.794   2.821       30.69     1370.34      840.49     1607.86
   0.692   2.608  -0.799   2.814       26.37     1389.35      844.79     1626.24
   0.692   2.600  -0.804   2.808       21.97     1408.43      848.91     1644.63
   0.691   2.591  -0.810   2.802       17.50     1427.56      852.84     1663.00
   0.691   2.583  -0.815   2.795       12.97     1446.75      856.58     1681.37
   0.691   2.574  -0.820   2.789        8.38     1466.01      860.13     1699.73
   0.691   2.565  -0.825   2.782        3.73     1485.32      863.48     1718.08
   0.691   2.557  -0.830   2.776       -0.97     1504.70      866.63     1736.42
   0.691   2.548  -0.835   2.769       -5.71     1524.14      869.57     1754.76
   0.691   2.539  -0.840   2.763      -10.50     1543.64      872.31     1773.09
   0.691   2.531  -0.845   2.756      -15.31     1563.21      874.83     1791.42
   0.691   2.522  -0.850   2.750      -20.16     1582.84      877.14     1809.74
   0.692   2.513  -0.854   2.743      -25.04     1602.54      879.23     1828.06
   0.692   2.504  -0.859   2.737      -29.93     1622.31      881.10     1846.38
   0.692   2.496  -0.864   2.730      -34.83     1642.14      882.75     1864.69
   0.692   2.487  -0.869   2.724      -39.74     1662.05      884.16     1883.01
   0.692   2.478  -0.873   2.717      -44.65     1682.02      885.35     1901.33
   0.693   2.469  -0.878   2.711      -49.56     1702.07      886.31     1919.65
   0.693   2.460  -0.883   2.704      -54.46     1722.20      887.02     1937.97
   0.693   2.451  -0.887   2.698      -59.34     1742.40      887.50     1956.30
   0.693   2.442  -0.892   2.691      -64.21     1762.68      887.74     1974.65
   0.694   2.434  -0.896   2.684      -69.04     1783.04      887.73     1993.00
   0.694   2.425  -0.900   2.678      -73.84     1803.48      887.47     2011.37
   0.695   2.416  -0.905   2.671      -78.60     1824.01      886.97     2029.75
   0.695   2.407  -0.909   2.665      -83.31     1844.63      886.21     2048.16
   0.695   2.398  -0.914   2.658      -87.98     1865.34      885.20     2066.59
   0.696   2.389  -0.918   2.652      -92.58     1886.14      883.93     2085.05
   0.696   2.379  -0.922   2.645      -97.12     1907.04      882.40     2103.53
   0.697   2.370  -0.926   2.639     -101.59     1928.04      880.61     2122.06
   0.697   2.361  -0.930   2.632     -105.98     1949.14      878.56     2140.62
   0.698   2.352  -0.934   2.625     -110.28     1970.35      876.24     2159.23
   0.698   2.343  -0.938   2.619     -114.50     1991.68      873.66     2177.88
   0.699   2.334  -0.942   2.612     -118.62     2013.11      870.81     2196.59
   0.699   2.325  -0.946   2.606     -122.64     2034.67      867.68     2215.36
   0.700   2.316  -0.950   2.599     -126.55     2056.35      864.29     2234.19
   0.700   2.306  -0.954   2.592     -130.35     2078.16      860.62     2253.09
   0.701   2.297  -0.958   2.586     -134.02     2100.10      856.68     2272.07
   0.702   2.288  -0.962   2.579     -137.56     2122.18      852.46     2291.13
   0.702   2.279  -0.965   2.572     -140.97     2144.41      847.96     2310.28
   0.703   2.269  -0.969   2.566     -144.24     2166.78      843.19     2329.53
   0.703   2.260  -0.973   2.559     -147.36     2189.30      838.13     2348.88
   0.704   2.251  -0.976   2.552     -150.32     2211.99      832.79     2368.34
   0.705   2.241  -0.980   2.546     -153.13     2234.84      827.18     2387.92
   0.705   2.232  -0.983   2.539     -155.77     2257.86      821.28     2407.63
   0.706   2.223  -0.986   2.532     -158.24     2281.06      815.09     2427.48
   0.707   2.213  -0.990   2.525     -160.52     2304.45      808.63     2447.48
   0.707   2.204  -0.993   2.518     -162.63     2328.03      801.87     2467.63
   0.708   2.194  -0.996   2.512     -164.54     2351.81      794.84     2487.94
   0.709   2.185  -0.999   2.505     -166.25     2375.79      787.51     2508.43
   0.709   2.175  -1.003   2.498     -167.76     2399.99      779.90     2529.10
   0.710   2.166  -1.006   2.491     -169.06     2424.41      772.01     2549.97
   0.711   2.156  -1.009   2.484     -170.14     2449.07      763.82     2571.05
   0.711   2.147  -1.012   2.477     -171.01     2473.96      755.35     2592.35
   0.712   2.137  -1.014   2.471     -171.64     2499.09      746.59     2613.87
   0.713   2.128  -1.017   2.464     -172.05     2524.49      737.54     2635.64
   0.713   2.118  -1.020   2.457     -172.22     2550.14      728.21     2657.67
   0.714   2.108  -1.023   2.450     -172.14     2576.08      718.59     2679.96
   0.715   2.099  -1.025   2.443     -171.81     2602.29      708.68     2702.53
   0.715   2.089  -1.028   2.436     -171.23     2628.80      698.48     2725.40
   0.716   2.080  -1.031   2.429     -170.40     2655.61      687.99     2748.57
   0.716   2.070  -1.033   2.422     -169.29     2682.74      677.21     2772.07
   0.717   2.060  -1.035   2.415     -167.92     2710.19      666.14     2795.90
   0.718   2.050  -1.038   2.408     -166.28     2737.97      654.79     2820.08
   0.718   2.041  -1.040   2.400     -164.36     2766.10      643.14     2844.63
   0.719   2.031  -1.042   2.393     -162.15     2794.58      631.21     2869.57
   0.719   2.021  -1.044   2.386     -159.66     2823.44      618.98     2894.90
   0.720   2.012  -1.047   2.379     -156.88     2852.67      606.47     2920.64
   0.720   2.002  -1.049   2.372     -153.81     2882.29      593.66     2946.81
   0.721   1.992  -1.051   2.365     -150.43     2912.32      580.57     2973.43
   0.721   1.982  -1.052   2.357     -146.76     2942.76      567.18     3000.51
   0.722   1.972  -1.054   2.350     -142.77     2973.63      553.50     3028.07
   0.722   1.963  -1.056   2.343     -138.48     3004.94      539.52     3056.12
   0.723   1.953  -1.058   2.335     -133.88     3036.70      525.25     3084.69
   0.723   1.943  -1.060   2.328     -128.95     3068.92      510.69     3113.80
   0.724   1.933  -1.061   2.321     -123.71     3101.63      495.83     3143.45
   0.724   1.923  -1.063   2.313     -118.15     3134.83      480.67     3173.67
   0.724   1.913  -1.064   2.306     -112.27     3168.53      465.21     3204.47
   0.725   1.903  -1.066   2.299     -106.05     3202.76      449.45     3235.88
   0.725   1.893  -1.067   2.291      -99.51     3237.51      433.39     3267.91
   0.725   1.884  -1.068   2.284      -92.64     3272.82      417.02     3300.58
   0.726   1.874  -1.069   2.276      -85.43     3308.69      400.35     3333.91
   0.726   1.864  -1.071   2.269      -77.88     3345.13      383.36     3367.93
   0.726   1.854  -1.072   2.261      -69.99     3382.16      366.06     3402.64
   0.726   1.844  -1.073   2.253      -61.77     3419.81      348.45     3438.07
   0.726   1.834  -1.074   2.246      -53.20     3458.07      330.51     3474.23
   0.727   1.824  -1.075   2.238      -44.29     3496.96      312.26     3511.16
   0.727   1.814  -1.076   2.231      -35.03     3536.51      293.67     3548.86
   0.727   1.804  -1.076   2.223      -25.42     3576.73      274.75     3587.36
   0.727   1.794  -1.077   2.215      -15.46     3617.63      255.50     3626.67
   0.727   1.784  -1.078   2.207       -5.16     3659.23      235.91     3666.83
   0.727   1.774  -1.078   2.200        5.51     3701.54      215.96     3707.84
   0.727   1.764  -1.079   2.192       16.52     3744.59      195.67     3749.73
   0.727   1.754  -1.079   2.184       27.89     3788.38      175.02     3792.52
   0.727   1.744  -1.080   2.176       39.62     3832.94      154.00     3836.23
   0.727   1.734  -1.080   2.168       51.71     3878.28      132.61     3880.89
   0.726   1.724  -1.081   2.160       64.16     3924.41      110.85     3926.50
   0.726   1.714  -1.081   2.153       76.98     3971.37       88.69     3973.10
   0.726   1.704  -1.081   2.145       90.16     4019.16       66.14     4020.71
   0.726   1.694  -1.081   2.137      103.70     4067.79       43.19     4069.35
   0.725   1.684  -1.081   2.129      117.62     4117.30       19.82     4119.03
   0.725   1.674  -1.081   2.121      131.90     4167.70       -3.96     4169.79
   0.725   1.664  -1.081   2.113      146.56     4219.01      -28.18     4221.65
   0.724   1.654  -1.081   2.105      161.59     4271.24      -52.84     4274.62
   0.724   1.644  -1.081   2.097      177.00     4324.41      -77.96     4328.73
   0.724   1.634  -1.081   2.089      192.79     4378.55     -103.54     4384.02
   0.723   1.624  -1.080   2.080      208.96     4433.68     -129.60     4440.49
   0.723   1.614  -1.080   2.072      225.52     4489.81     -156.15     4498.18
   0.722   1.604  -1.080   2.064      242.47     4546.96     -183.20     4557.11
   0.722   1.594  -1.079   2.056      259.80     4605.16     -210.77     4617.30
   0.721   1.584  -1.079   2.048      277.54     4664.43     -238.87     4678.78
   0.720   1.574  -1.078   2.040      295.67     4724.79     -267.52     4741.59
   0.720   1.564  -1.078   2.031      314.21     4786.26     -296.73     4805.73
   0.719   1.554  -1.077   2.023      333.16     4848.86     -326.52     4871.25
   0.718   1.544  -1.076   2.015      352.52     4912.63     -356.90     4938.17
   0.718   1.534  -1.076   2.007      372.29     4977.57     -387.90     5006.52
   0.717   1.525  -1.075   1.998      392.49     5043.72     -419.52     5076.33
   0.716   1.515  -1.074   1.990      413.11     5111.09     -451.80     5147.63
   0.715   1.505  -1.073   1.982      434.17     5179.73     -484.75     5220.44
   0.715   1.495  -1.072   1.973      455.67     5249.64     -518.39     5294.81
   0.714   1.485  -1.071   1.965      477.61     5320.86     -552.74     5370.77
   0.713   1.475  -1.070   1.957      500.01     5393.41     -587.82     5448.34
   0.712   1.465  -1.069   1.948      522.87     5467.33     -623.66     5527.57
   0.711   1.455  -1.068   1.940      546.19     5542.63     -660.28     5608.48
   0.710   1.445  -1.067   1.931      569.99     5619.35     -697.70     5691.12
   0.709   1.435  -1.065   1.923      594.28     5697.53     -735.96     5775.52
   0.708   1.426  -1.064   1.915      619.06     5777.18     -775.06     5861.72
   0.707   1.416  -1.063   1.906      644.34     5858.34     -815.06     5949.76
   0.706   1.406  -1.061   1.898      670.13     5941.04     -855.96     6039.68
   0.705   1.396  -1.060   1.889      696.44     6025.32     -897.80     6131.52
   0.703   1.386  -1.058   1.881      723.29     6111.21     -940.61     6225.34
   0.702   1.376  -1.057   1.872      750.68     6198.75     -984.42     6321.16
   0.701   1.367  -1.055   1.863      778.63     6287.96    -1029.27     6419.04
   0.700   1.357  -1.054   1.855      807.15     6378.89    -1075.18     6519.03
   0.699   1.347  -1.052   1.846      836.25     6471.58    -1122.19     6621.18
   0.697   1.337  -1.050   1.838      865.94     6566.06    -1170.33     6725.53
   0.696   1.327  -1.049   1.829      896.24     6662.38    -1219.65     6832.14
   0.695   1.318  -1.047   1.821      927.17     6760.57    -1270.18     6941.06
   0.693   1.308  -1.045   1.812      958.73     6860.68    -1321.96     7052.36
   0.692   1.298  -1.043   1.803      990.96     6962.76    -1375.03     7166.08
   0.691   1.289  -1.041   1.795     1023.85     7066.84    -1429.44     7282.29
   0.689   1.279  -1.039   1.786     1057.43     7172.98    -1485.22     7401.06
   0.688   1.269  -1.037   1.777     1091.72     7281.22    -1542.42     7522.43
   0.686   1.260  -1.035   1.769     1126.74     7391.61    -1601.09     7646.50
   0.685   1.250  -1.033   1.760     1162.50     7504.21    -1661.27     7773.31
   0.683   1.240  -1.031   1.751     1199.04     7619.06    -1723.02     7902.95
   0.682   1.231  -1.028   1.743     1236.36     7736.23    -1786.39     8035.48
   0.680   1.221  -1.026   1.734     1274.49     7855.76    -1851.44     8170.99
   0.679   1.211  -1.024   1.725     1313.47     7977.72    -1918.20     8309.56
   0.677   1.202  -1.022   1.716     1353.30     8102.17    -1986.76     8451.26
   0.675   1.192  -1.019   1.708     1394.02     8229.17    -2057.16     8596.19
   0.674   1.183  -1.017   1.699     1435.66     8358.79    -2129.46     8744.43
   0.672   1.173  -1.014   1.690     1478.23     8491.08    -2203.74     8896.07
   0.670   1.164  -1.012   1.681     1521.77     8626.12    -2280.05     9051.21
   0.669   1.154  -1.009   1.673     1566.31     8763.98    -2358.46     9209.95
   0.667   1.144  -1.007   1.664     1611.88     8904.74    -2439.06     9372.38
   0.665   1.135  -1.004   1.655     1658.51     9048.47    -2521.90     9538.63
   0.664   1.126  -1.001   1.646     1706.23     9195.24    -2607.06     9708.79
   0.662   1.116  -0.999   1.637     1755.08     9345.15    -2694.64     9882.98
   0.660   1.107  -0.996   1.629     1805.10     9498.27    -2784.70    10061.32
   0.658   1.097  -0.993   1.620     1856.32     9654.69    -2877.33    10243.93
   0.656   1.088  -0.990   1.611     1908.78     9814.51    -2972.63    10430.95
   0.655   1.078  -0.988   1.602     1962.53     9977.81    -3070.69    10622.50
   0.653   1.069  -0.985   1.593     2017.59    10144.70    -3171.59    10818.72
   0.651   1.060  -0.982   1.584     2074.03    10315.28    -3275.45    11019.76
   0.649   1.050  -0.979   1.575     2131.88    10489.64    -3382.36    11225.77
   0.647   1.041  -0.976   1.566     2191.20    10667.90    -3492.43    11436.90
   0.645   1.032  -0.973   1.558     2252.03    10850.18    -3605.78    11653.31
   0.643   1.022  -0.969   1.549     2314.42    11036.58    -3722.52    11875.18
   0.641   1.013  -0.966   1.540     2378.44    11227.24    -3842.77    12102.67
   0.639   1.004  -0.963   1.531     2444.13    11422.27    -3966.66    12335.98
   0.637   0.994  -0.960   1.522     2511.55    11621.81    -4094.32    12575.28
   0.635   0.985  -0.957   1.513     2580.77    11825.99    -4225.89    12820.79
   0.633   0.976  -0.953   1.504     2651.86    12034.97    -4361.51    13072.70
   0.631   0.967  -0.950   1.495     2724.87    12248.87    -4501.33    13331.23
   0.629   0.958  -0.946   1.486     2799.88    12467.87    -4645.50    13596.61
   0.627   0.948  -0.943   1.477     2876.97    12692.11    -4794.20    13869.06
   0.625   0.939  -0.940   1.468     2956.20    12921.77    -4947.58    14148.84
   0.623   0.930  -0.936   1.459     3037.67    13157.01    -5105.82    14436.19
   0.621   0.921  -0.933   1.450     3121.45    13398.02    -5269.11    14731.39
   0.619   0.912  -0.929   1.441     3207.63    13644.98    -5437.64    15034.71
   0.616   0.903  -0.925   1.432     3296.31    13898.10    -5611.61    15346.43
   0.614   0.894  -0.922   1.423     3387.58    14157.57    -5791.23    15666.87
   0.612   0.885  -0.918   1.414     3481.54    14423.62    -5976.73    15996.35
   0.610   0.876  -0.914   1.405     3578.31    14696.45    -6168.32    16335.18
   0.608   0.867  -0.910   1.396     3677.98    14976.30    -6366.26    16683.72
   0.606   0.858  -0.906   1.387     3780.69    15263.42    -6570.80    17042.33
   0.603   0.849  -0.903   1.378     3886.54    15558.06    -6782.19    17411.39
   0.601   0.840  -0.899   1.369     3995.68    15860.49    -7000.73    17791.31
   0.599   0.831  -0.895   1.360     4108.24    16170.97    -7226.68    18182.49
   0.597   0.822  -0.891   1.351     4224.36    16489.80    -7460.38    18585.37
   0.594   0.813  -0.887   1.342     4344.19    16817.29    -7702.12    19000.41
   0.592   0.805  -0.883   1.333     4467.89    17153.74    -7952.25    19428.10
   0.590   0.796  -0.879   1.324     4595.64    17499.50    -8211.12    19868.94
   0.587   0.787  -0.874   1.315     4727.60    17854.90    -8479.09    20323.45
   0.585   0.778  -0.870   1.306     4863.97    18220.32    -8756.57    20792.21
   0.583   0.769  -0.866   1.297     5004.95    18596.14    -9043.95    21275.78
   0.580   0.761  -0.862   1.288     5150.73    18982.75    -9341.68    21774.79
   0.578   0.752  -0.857   1.279     5301.56    19380.58    -9650.19    22289.90
   0.576   0.743  -0.853   1.269     5457.65    19790.07    -9969.97    22821.77
   0.573   0.735  -0.849   1.260     5619.26    20211.68   -10301.53    23371.13
   0.571   0.726  -0.844   1.251     5786.66    20645.90   -10645.39    23938.74
   0.568   0.717  -0.840   1.242     5960.12    21093.25   -11002.12    24525.39
   0.566   0.709  -0.835   1.233     6139.94    21554.27   -11372.30    25131.94
   0.563   0.700  -0.831   1.224     6326.45    22029.51   -11756.55    25759.27
   0.561   0.692  -0.826   1.215     6519.97    22519.59   -12155.55    26408.32
   0.559   0.683  -0.821   1.206     6720.86    23025.13   -12569.98    27080.08
   0.556   0.675  -0.817   1.196     6929.52    23546.79   -13000.59    27775.61
   0.554   0.666  -0.812   1.187     7146.35    24085.27   -13448.14    28496.02
   0.551   0.658  -0.807   1.178     7371.79    24641.32   -13913.48    29242.49
   0.548   0.649  -0.803   1.169     7606.30    25215.72   -14397.48    30016.26
   0.546   0.641  -0.798   1.160     7850.39    25809.28   -14901.06    30818.65
   0.543   0.633  -0.793   1.151     8104.59    26422.88   -15425.22    31651.07
   0.541   0.624  -0.788   1.142     8369.48    27057.44   -15970.99    32515.01
   0.538   0.616  -0.783   1.132     8645.68    27713.93   -16539.50    33412.04
   0.536   0.608  -0.778   1.123     8933.84    28393.38   -17131.93    34343.86
   0.533   0.599  -0.773   1.114     9234.69    29096.90   -17749.53    35312.24
   0.530   0.591  -0.768   1.105     9548.99    29825.62   -18393.64    36319.10
   0.528   0.583  -0.763   1.096     9877.57    30580.78   -19065.70    37366.45
   0.525   0.575  -0.758   1.087    10221.33    31363.68   -19767.22    38456.46
   0.522   0.567  -0.753   1.077    10581.22    32175.70   -20499.83    39591.43
   0.520   0.559  -0.748   1.068    10958.29    33018.31   -21265.27    40773.82
   0.517   0.551  -0.742   1.059    11353.68    33893.05   -22065.38    42006.26
   0.514   0.542  -0.737   1.050    11768.59    34801.60   -22902.14    43291.56
   0.512   0.534  -0.732   1.041    12204.37    35745.71   -23777.69    44632.73
   0.509   0.526  -0.726   1.031    12662.44    36727.26   -24694.28    46032.99
   0.506   0.518  -0.721   1.022    13144.38    37748.23   -25654.35    47495.78
   0.503   0.511  -0.716   1.013    13651.88    38810.77   -26660.51    49024.82
   0.501   0.503  -0.710   1.004    14186.81    39917.13   -27715.57    50624.07
   0.499   0.499  -0.708   1.000    14412.50    40380.63   -28159.10    51295.71
