  -0.268   0.573   0.774   1.000    10103.55   -44574.86   -32891.33    56310.21
  -0.270   0.581   0.780   1.010     9658.21   -43354.98   -31604.99    54514.31
  -0.272   0.589   0.786   1.019     9234.77   -42181.15   -30379.14    52796.05
  -0.274   0.597   0.792   1.029     8831.93   -41051.09   -29210.27    51151.10
  -0.275   0.605   0.797   1.038     8448.51   -39962.66   -28095.12    49575.47
  -0.277   0.613   0.803   1.048     8083.37   -38913.83   -27030.67    48065.41
  -0.279   0.621   0.809   1.057     7735.47   -37902.71   -26014.08    46617.43
  -0.280   0.629   0.814   1.067     7403.85   -36927.52   -25042.72    45228.27
  -0.282   0.638   0.820   1.076     7087.59   -35986.61   -24114.13    43894.88
  -0.284   0.646   0.825   1.085     6785.85   -35078.38   -23226.00    42614.41
  -0.285   0.654   0.830   1.095     6497.84   -34201.36   -22376.19    41384.16
  -0.287   0.662   0.836   1.104     6222.80   -33354.15   -21562.69    40201.65
  -0.288   0.671   0.841   1.114     5960.06   -32535.44   -20783.60    39064.50
  -0.290   0.679   0.847   1.123     5708.96   -31743.96   -20037.16    37970.51
  -0.291   0.687   0.852   1.133     5468.89   -30978.56   -19321.71    36917.59
  -0.293   0.696   0.857   1.142     5239.28   -30238.11   -18635.69    35903.79
  -0.294   0.704   0.862   1.151     5019.59   -29521.55   -17977.63    34927.26
  -0.296   0.713   0.867   1.161     4809.31   -28827.90   -17346.17    33986.27
  -0.297   0.721   0.872   1.170     4607.99   -28156.20   -16739.99    33079.18
  -0.298   0.730   0.877   1.180     4415.16   -27505.55   -16157.88    32204.44
  -0.300   0.738   0.882   1.189     4230.41   -26875.11   -15598.69    31360.59
  -0.301   0.747   0.887   1.198     4053.34   -26264.06   -15061.34    30546.26
  -0.302   0.756   0.892   1.208     3883.58   -25671.63   -14544.79    29760.14
  -0.304   0.764   0.897   1.217     3720.78   -25097.10   -14048.09    29000.99
  -0.305   0.773   0.902   1.226     3564.61   -24539.77   -13570.32    28267.65
  -0.306   0.782   0.907   1.236     3414.75   -23998.97   -13110.62    27559.02
  -0.307   0.790   0.911   1.245     3270.91   -23474.08   -12668.17    26874.03
  -0.309   0.799   0.916   1.254     3132.81   -22964.49   -12242.19    26211.71
  -0.310   0.808   0.921   1.263     3000.18   -22469.63   -11831.97    25571.10
  -0.311   0.817   0.925   1.273     2872.78   -21988.97   -11436.79    24951.31
  -0.312   0.825   0.930   1.282     2750.37   -21521.96   -11056.01    24351.48
  -0.313   0.834   0.934   1.291     2632.72   -21068.13   -10689.01    23770.82
  -0.314   0.843   0.939   1.301     2519.63   -20626.98   -10335.18    23208.55
  -0.315   0.852   0.943   1.310     2410.88   -20198.08    -9993.98    22663.94
  -0.316   0.861   0.948   1.319     2306.29   -19780.98    -9664.86    22136.29
  -0.317   0.870   0.952   1.328     2205.69   -19375.27    -9347.32    21624.95
  -0.319   0.879   0.956   1.337     2108.89   -18980.55    -9040.88    21129.27
  -0.319   0.888   0.961   1.347     2015.73   -18596.44    -8745.09    20648.66
  -0.320   0.897   0.965   1.356     1926.06   -18222.58    -8459.50    20182.55
  -0.321   0.906   0.969   1.365     1839.73   -17858.63    -8183.70    19730.38
  -0.322   0.915   0.973   1.374     1756.60   -17504.23    -7917.29    19291.64
  -0.323   0.924   0.977   1.383     1676.53   -17159.09    -7659.91    18865.82
  -0.324   0.933   0.981   1.392     1599.41   -16822.88    -7411.19    18452.45
  -0.325   0.942   0.985   1.402     1525.10   -16495.31    -7170.79    18051.08
  -0.326   0.951   0.989   1.411     1453.50   -16176.11    -6938.38    17661.27
  -0.327   0.961   0.993   1.420     1384.49   -15865.00    -6713.65    17282.59
  -0.327   0.970   0.997   1.429     1317.97   -15561.71    -6496.31    16914.67
  -0.328   0.979   1.001   1.438     1253.84   -15266.01    -6286.08    16557.11
  -0.329   0.988   1.005   1.447     1192.00   -14977.64    -6082.67    16209.55
  -0.330   0.998   1.008   1.456     1132.37   -14696.38    -5885.84    15871.64
  -0.330   1.007   1.012   1.465     1074.85   -14422.01    -5695.34    15543.05
  -0.331   1.016   1.016   1.474     1019.37   -14154.30    -5510.93    15223.46
  -0.332   1.025   1.019   1.483      965.84   -13893.06    -5332.38    14912.56
  -0.332   1.035   1.023   1.492      914.19   -13638.09    -5159.48    14610.05
  -0.333   1.044   1.026   1.501      864.34   -13389.20    -4992.02    14315.65
  -0.334   1.053   1.030   1.510      816.24   -13146.20    -4829.80    14029.10
  -0.334   1.063   1.033   1.519      769.80   -12908.91    -4672.64    13750.13
  -0.335   1.072   1.037   1.528      724.98   -12677.17    -4520.35    13478.49
  -0.335   1.082   1.040   1.537      681.70   -12450.81    -4372.75    13213.95
  -0.336   1.091   1.043   1.546      639.92   -12229.68    -4229.69    12956.27
  -0.336   1.100   1.046   1.555      599.56   -12013.62    -4091.00    12705.23
  -0.337   1.110   1.050   1.564      560.59   -11802.48    -3956.53    12460.61
  -0.337   1.119   1.053   1.573      522.96   -11596.12    -3826.12    12222.22
  -0.337   1.129   1.056   1.582      486.60   -11394.41    -3699.65    11989.86
  -0.338   1.138   1.059   1.591      451.48   -11197.21    -3576.97    11763.33
  -0.338   1.148   1.062   1.600      417.55   -11004.40    -3457.95    11542.46
  -0.339   1.157   1.065   1.609      384.77   -10815.84    -3342.47    11327.07
  -0.339   1.167   1.068   1.618      353.09   -10631.43    -3230.41    11116.99
  -0.339   1.177   1.071   1.627      322.48   -10451.05    -3121.66    10912.06
  -0.340   1.186   1.074   1.636      292.90   -10274.58    -3016.09    10712.13
  -0.340   1.196   1.076   1.644      264.31   -10101.92    -2913.62    10517.03
  -0.340   1.205   1.079   1.653      236.68    -9932.97    -2814.13    10326.63
  -0.340   1.215   1.082   1.662      209.97    -9767.62    -2717.52    10140.78
  -0.340   1.225   1.085   1.671      184.16    -9605.78    -2623.70     9959.35
  -0.341   1.234   1.087   1.680      159.20    -9447.35    -2532.58     9782.22
  -0.341   1.244   1.090   1.689      135.08    -9292.25    -2444.08     9609.25
  -0.341   1.254   1.092   1.697      111.76    -9140.38    -2358.10     9440.32
  -0.341   1.263   1.095   1.706       89.21    -8991.66    -2274.57     9275.32
  -0.341   1.273   1.097   1.715       67.41    -8846.00    -2193.40     9114.13
  -0.341   1.283   1.099   1.724       46.33    -8703.33    -2114.53     8956.64
  -0.341   1.292   1.102   1.732       25.95    -8563.58    -2037.88     8802.75
  -0.341   1.302   1.104   1.741        6.25    -8426.65    -1963.38     8652.36
  -0.341   1.312   1.106   1.750      -12.81    -8292.49    -1890.96     8505.37
  -0.341   1.322   1.109   1.758      -31.23    -8161.03    -1820.55     8361.68
  -0.341   1.331   1.111   1.767      -49.05    -8032.18    -1752.10     8221.21
  -0.341   1.341   1.113   1.776      -66.28    -7905.90    -1685.55     8083.85
  -0.341   1.351   1.115   1.785      -82.94    -7782.10    -1620.83     7949.53
  -0.341   1.361   1.117   1.793      -99.04    -7660.74    -1557.89     7818.17
  -0.341   1.371   1.119   1.802     -114.62    -7541.75    -1496.67     7689.68
  -0.341   1.380   1.121   1.810     -129.69    -7425.07    -1437.13     7563.99
  -0.340   1.390   1.123   1.819     -144.25    -7310.65    -1379.21     7441.01
  -0.340   1.400   1.125   1.828     -158.34    -7198.43    -1322.86     7320.69
  -0.340   1.410   1.126   1.836     -171.96    -7088.36    -1268.04     7202.94
  -0.340   1.420   1.128   1.845     -185.13    -6980.38    -1214.70     7087.70
  -0.339   1.430   1.130   1.853     -197.86    -6874.45    -1162.80     6974.90
  -0.339   1.440   1.131   1.862     -210.17    -6770.51    -1112.29     6864.49
  -0.339   1.449   1.133   1.871     -222.08    -6668.53    -1063.13     6756.39
  -0.338   1.459   1.135   1.879     -233.59    -6568.44    -1015.28     6650.55
  -0.338   1.469   1.136   1.888     -244.71    -6470.21     -968.71     6546.91
  -0.338   1.479   1.137   1.896     -255.47    -6373.80     -923.38     6445.41
  -0.337   1.489   1.139   1.905     -265.87    -6279.16     -879.25     6345.99
  -0.337   1.499   1.140   1.913     -275.92    -6186.25     -836.28     6248.62
  -0.336   1.509   1.142   1.922     -285.64    -6095.03     -794.45     6153.22
  -0.336   1.519   1.143   1.930     -295.03    -6005.47     -753.72     6059.77
  -0.335   1.529   1.144   1.938     -304.11    -5917.51     -714.06     5968.19
  -0.335   1.538   1.145   1.947     -312.88    -5831.14     -675.44     5878.46
  -0.334   1.548   1.146   1.955     -321.35    -5746.30     -637.83     5790.52
  -0.334   1.558   1.147   1.964     -329.54    -5662.97     -601.19     5704.32
  -0.333   1.568   1.148   1.972     -337.45    -5581.12     -565.52     5619.84
  -0.333   1.578   1.149   1.980     -345.10    -5500.70     -530.77     5537.02
  -0.332   1.588   1.150   1.989     -352.48    -5421.70     -496.91     5455.82
  -0.331   1.598   1.151   1.997     -359.61    -5344.07     -463.94     5376.21
  -0.331   1.608   1.152   2.006     -366.50    -5267.78     -431.82     5298.14
  -0.330   1.618   1.153   2.014     -373.15    -5192.82     -400.52     5221.59
  -0.329   1.628   1.154   2.022     -379.57    -5119.14     -370.03     5146.51
  -0.328   1.638   1.154   2.030     -385.76    -5046.72     -340.32     5072.87
  -0.328   1.648   1.155   2.039     -391.74    -4975.53     -311.38     5000.63
  -0.327   1.658   1.156   2.047     -397.52    -4905.55     -283.17     4929.77
  -0.326   1.668   1.156   2.055     -403.09    -4836.75     -255.69     4860.24
  -0.325   1.678   1.157   2.063     -408.46    -4769.10     -228.91     4792.03
  -0.324   1.688   1.157   2.072     -413.65    -4702.58     -202.81     4725.09
  -0.323   1.698   1.157   2.080     -418.64    -4637.17     -177.37     4659.41
  -0.323   1.707   1.158   2.088     -423.46    -4572.85     -152.58     4594.94
  -0.322   1.717   1.158   2.096     -428.11    -4509.58     -128.42     4531.67
  -0.321   1.727   1.158   2.104     -432.59    -4447.35     -104.87     4469.57
  -0.320   1.737   1.159   2.113     -436.90    -4386.13      -81.91     4408.60
  -0.319   1.747   1.159   2.121     -441.06    -4325.92      -59.54     4348.75
  -0.318   1.757   1.159   2.129     -445.06    -4266.67      -37.73     4289.99
  -0.317   1.767   1.159   2.137     -448.92    -4208.38      -16.47     4232.29
  -0.316   1.777   1.159   2.145     -452.63    -4151.03        4.26     4175.63
  -0.314   1.787   1.159   2.153     -456.20    -4094.59       24.46     4120.00
  -0.313   1.797   1.159   2.161     -459.64    -4039.05       44.16     4065.35
  -0.312   1.807   1.159   2.169     -462.94    -3984.38       63.36     4011.69
  -0.311   1.817   1.159   2.177     -466.12    -3930.58       82.08     3958.97
  -0.310   1.827   1.158   2.185     -469.17    -3877.62      100.33     3907.19
  -0.309   1.837   1.158   2.193     -472.10    -3825.49      118.12     3856.32
  -0.307   1.847   1.158   2.201     -474.92    -3774.17      135.47     3806.34
  -0.306   1.857   1.157   2.209     -477.62    -3723.64      152.39     3757.24
  -0.305   1.866   1.157   2.217     -480.22    -3673.89      168.88     3708.99
  -0.304   1.876   1.156   2.225     -482.70    -3624.91      184.96     3661.58
  -0.302   1.886   1.156   2.233     -485.09    -3576.67      200.64     3614.99
  -0.301   1.896   1.155   2.241     -487.37    -3529.17      215.93     3569.20
  -0.299   1.906   1.155   2.248     -489.56    -3482.38      230.84     3524.19
  -0.298   1.916   1.154   2.256     -491.66    -3436.30      245.37     3479.96
  -0.297   1.926   1.153   2.264     -493.66    -3390.91      259.55     3436.48
  -0.295   1.936   1.152   2.272     -495.57    -3346.20      273.37     3393.73
  -0.294   1.945   1.152   2.280     -497.40    -3302.16      286.85     3351.71
  -0.292   1.955   1.151   2.288     -499.15    -3258.77      299.99     3310.39
  -0.291   1.965   1.150   2.295     -500.81    -3216.01      312.80     3269.77
  -0.289   1.975   1.149   2.303     -502.40    -3173.89      325.30     3229.83
  -0.288   1.985   1.148   2.311     -503.91    -3132.38      337.49     3190.55
  -0.286   1.995   1.147   2.318     -505.35    -3091.48      349.37     3151.93
  -0.284   2.004   1.146   2.326     -506.72    -3051.16      360.96     3113.95
  -0.283   2.014   1.144   2.334     -508.02    -3011.43      372.26     3076.59
  -0.281   2.024   1.143   2.341     -509.25    -2972.28      383.28     3039.84
  -0.279   2.034   1.142   2.349     -510.42    -2933.68      394.02     3003.70
  -0.278   2.044   1.141   2.357     -511.52    -2895.63      404.50     2968.15
  -0.276   2.053   1.139   2.364     -512.57    -2858.12      414.72     2933.18
  -0.274   2.063   1.138   2.372     -513.55    -2821.14      424.68     2898.78
  -0.272   2.073   1.136   2.379     -514.48    -2784.68      434.40     2864.93
  -0.271   2.082   1.135   2.387     -515.35    -2748.73      443.87     2831.63
  -0.269   2.092   1.133   2.394     -516.17    -2713.28      453.11     2798.86
  -0.267   2.102   1.131   2.402     -516.94    -2678.32      462.12     2766.62
  -0.265   2.112   1.130   2.409     -517.65    -2643.85      470.90     2734.90
  -0.263   2.121   1.128   2.417     -518.32    -2609.85      479.47     2703.68
  -0.261   2.131   1.126   2.424     -518.94    -2576.32      487.82     2672.96
  -0.259   2.140   1.124   2.432     -519.52    -2543.24      495.96     2642.72
  -0.257   2.150   1.122   2.439     -520.05    -2510.62      503.90     2612.96
  -0.255   2.160   1.121   2.446     -520.54    -2478.43      511.64     2583.67
  -0.253   2.169   1.118   2.454     -520.98    -2446.68      519.19     2554.85
  -0.251   2.179   1.116   2.461     -521.39    -2415.36      526.55     2526.47
  -0.249   2.188   1.114   2.468     -521.76    -2384.45      533.73     2498.54
  -0.247   2.198   1.112   2.476     -522.09    -2353.95      540.72     2471.04
  -0.245   2.207   1.110   2.483     -522.39    -2323.86      547.55     2443.97
  -0.243   2.217   1.108   2.490     -522.65    -2294.16      554.20     2417.33
  -0.241   2.226   1.105   2.497     -522.88    -2264.85      560.68     2391.09
  -0.238   2.236   1.103   2.505     -523.07    -2235.93      567.00     2365.26
  -0.236   2.245   1.101   2.512     -523.24    -2207.38      573.16     2339.83
  -0.234   2.255   1.098   2.519     -523.37    -2179.20      579.17     2314.80
  -0.232   2.264   1.096   2.526     -523.48    -2151.39      585.02     2290.14
  -0.229   2.274   1.093   2.533     -523.55    -2123.93      590.73     2265.87
  -0.227   2.283   1.090   2.540     -523.61    -2096.82      596.29     2241.96
  -0.225   2.292   1.088   2.547     -523.63    -2070.06      601.71     2218.42
  -0.222   2.302   1.085   2.554     -523.63    -2043.64      607.00     2195.24
  -0.220   2.311   1.082   2.561     -523.61    -2017.55      612.15     2172.41
  -0.217   2.320   1.079   2.568     -523.56    -1991.78      617.17     2149.93
  -0.215   2.329   1.076   2.575     -523.49    -1966.34      622.07     2127.80
  -0.213   2.339   1.073   2.582     -523.40    -1941.22      626.84     2105.99
  -0.210   2.348   1.070   2.589     -523.29    -1916.41      631.48     2084.52
  -0.208   2.357   1.067   2.596     -523.16    -1891.90      636.01     2063.37
  -0.205   2.366   1.064   2.603     -523.02    -1867.69      640.43     2042.54
  -0.202   2.375   1.061   2.609     -522.85    -1843.78      644.73     2022.02
  -0.200   2.384   1.058   2.616     -522.67    -1820.16      648.92     2001.82
  -0.197   2.393   1.055   2.623     -522.47    -1796.83      653.01     1981.92
  -0.195   2.403   1.051   2.630     -522.26    -1773.78      656.99     1962.31
  -0.192   2.412   1.048   2.636     -522.03    -1751.00      660.86     1943.00
  -0.189   2.421   1.045   2.643     -521.79    -1728.50      664.64     1923.99
  -0.186   2.430   1.041   2.650     -521.54    -1706.26      668.32     1905.25
  -0.184   2.438   1.037   2.656     -521.27    -1684.29      671.90     1886.80
  -0.181   2.447   1.034   2.663     -521.00    -1662.58      675.40     1868.63
  -0.178   2.456   1.030   2.670     -520.71    -1641.12      678.80     1850.72
  -0.175   2.465   1.027   2.676     -520.41    -1619.91      682.11     1833.09
  -0.172   2.474   1.023   2.683     -520.11    -1598.95      685.34     1815.72
  -0.170   2.483   1.019   2.689     -519.79    -1578.23      688.49     1798.61
  -0.167   2.491   1.015   2.696     -519.47    -1557.75      691.55     1781.76
  -0.164   2.500   1.011   2.702     -519.14    -1537.51      694.53     1765.16
  -0.161   2.509   1.007   2.708     -518.80    -1517.49      697.43     1748.81
  -0.158   2.518   1.003   2.715     -518.46    -1497.70      700.26     1732.71
  -0.155   2.526   0.999   2.721     -518.11    -1478.14      703.01     1716.85
  -0.152   2.535   0.995   2.727     -517.76    -1458.79      705.70     1701.23
  -0.149   2.543   0.991   2.734     -517.41    -1439.67      708.31     1685.84
  -0.146   2.552   0.987   2.740     -517.05    -1420.75      710.85     1670.68
  -0.143   2.560   0.982   2.746     -516.69    -1402.05      713.32     1655.76
  -0.139   2.569   0.978   2.752     -516.32    -1383.55      715.73     1641.06
  -0.136   2.577   0.974   2.758     -515.96    -1365.26      718.07     1626.58
  -0.133   2.586   0.969   2.764     -515.59    -1347.16      720.36     1612.32
  -0.130   2.594   0.965   2.771     -515.22    -1329.26      722.58     1598.28
  -0.127   2.602   0.960   2.777     -514.86    -1311.56      724.74     1584.46
  -0.123   2.610   0.956   2.783     -514.49    -1294.04      726.84     1570.84
  -0.120   2.619   0.951   2.789     -514.13    -1276.72      728.89     1557.44
  -0.117   2.627   0.946   2.795     -513.77    -1259.58      730.88     1544.24
  -0.113   2.635   0.941   2.800     -513.41    -1242.62      732.82     1531.24
  -0.110   2.643   0.937   2.806     -513.05    -1225.84      734.70     1518.45
  -0.107   2.651   0.932   2.812     -512.70    -1209.23      736.53     1505.85
  -0.103   2.659   0.927   2.818     -512.35    -1192.80      738.31     1493.45
  -0.100   2.667   0.922   2.824     -512.01    -1176.55      740.05     1481.24
  -0.096   2.675   0.917   2.829     -511.67    -1160.46      741.73     1469.23
  -0.093   2.683   0.912   2.835     -511.34    -1144.53      743.37     1457.40
  -0.089   2.691   0.907   2.841     -511.01    -1128.77      744.96     1445.76
  -0.086   2.699   0.902   2.846     -510.69    -1113.17      746.51     1434.30
  -0.082   2.706   0.896   2.852     -510.38    -1097.73      748.01     1423.03
  -0.079   2.714   0.891   2.858     -510.08    -1082.45      749.47     1411.94
  -0.075   2.722   0.886   2.863     -509.78    -1067.31      750.89     1401.02
  -0.071   2.729   0.880   2.869     -509.49    -1052.33      752.27     1390.29
  -0.068   2.737   0.875   2.874     -509.22    -1037.50      753.60     1379.72
  -0.064   2.744   0.869   2.879     -508.95    -1022.82      754.90     1369.33
  -0.060   2.752   0.864   2.885     -508.70    -1008.28      756.16     1359.11
  -0.056   2.759   0.858   2.890     -508.45     -993.89      757.38     1349.06
  -0.053   2.766   0.853   2.895     -508.22     -979.64      758.56     1339.18
  -0.049   2.774   0.847   2.901     -508.00     -965.52      759.71     1329.46
  -0.045   2.781   0.841   2.906     -507.79     -951.54      760.82     1319.90
  -0.041   2.788   0.835   2.911     -507.59     -937.70      761.90     1310.50
  -0.037   2.795   0.830   2.916     -507.41     -923.99      762.94     1301.27
  -0.033   2.802   0.824   2.921     -507.24     -910.41      763.95     1292.19
  -0.029   2.809   0.818   2.926     -507.09     -896.96      764.92     1283.27
  -0.025   2.816   0.812   2.931     -506.95     -883.64      765.86     1274.51
  -0.021   2.823   0.806   2.936     -506.83     -870.45      766.77     1265.90
  -0.017   2.830   0.800   2.941     -506.72     -857.38      767.65     1257.43
  -0.013   2.837   0.793   2.946     -506.63     -844.43      768.49     1249.12
  -0.009   2.844   0.787   2.951     -506.56     -831.60      769.30     1240.96
  -0.005   2.850   0.781   2.955     -506.50     -818.89      770.09     1232.95
  -0.001   2.857   0.775   2.960     -506.46     -806.30      770.84     1225.08
   0.003   2.863   0.769   2.965     -506.44     -793.83      771.56     1217.35
   0.007   2.870   0.762   2.969     -506.43     -781.47      772.25     1209.77
   0.011   2.876   0.756   2.974     -506.45     -769.23      772.91     1202.33
   0.016   2.883   0.749   2.979     -506.49     -757.09      773.53     1195.02
   0.020   2.889   0.743   2.983     -506.54     -745.07      774.13     1187.85
   0.024   2.895   0.736   2.987     -506.61     -733.16      774.70     1180.82
   0.028   2.901   0.730   2.992     -506.71     -721.36      775.24     1173.93
   0.033   2.908   0.723   2.996     -506.82     -709.66      775.75     1167.17
   0.037   2.914   0.716   3.001     -506.96     -698.07      776.23     1160.53
   0.042   2.920   0.710   3.005     -507.11     -686.58      776.68     1154.03
   0.046   2.925   0.703   3.009     -507.29     -675.20      777.10     1147.66
   0.050   2.931   0.696   3.013     -507.49     -663.92      777.49     1141.41
   0.055   2.937   0.689   3.017     -507.71     -652.74      777.85     1135.29
   0.059   2.943   0.682   3.021     -507.96     -641.66      778.17     1129.29
   0.064   2.948   0.676   3.026     -508.22     -630.68      778.47     1123.42
   0.068   2.954   0.669   3.030     -508.51     -619.80      778.73     1117.66
   0.073   2.960   0.662   3.033     -508.82     -609.02      778.97     1112.02
   0.078   2.965   0.655   3.037     -509.16     -598.33      779.17     1106.50
   0.082   2.970   0.647   3.041     -509.51     -587.74      779.33     1101.09
   0.087   2.976   0.640   3.045     -509.89     -577.24      779.47     1095.80
   0.091   2.981   0.633   3.049     -510.30     -566.84      779.57     1090.61
   0.096   2.986   0.626   3.053     -510.72     -556.53      779.63     1085.54
   0.101   2.991   0.619   3.056     -511.17     -546.32      779.67     1080.57
   0.106   2.996   0.612   3.060     -511.64     -536.19      779.66     1075.71
   0.110   3.001   0.604   3.063     -512.14     -526.16      779.62     1070.95
   0.115   3.006   0.597   3.067     -512.65     -516.22      779.54     1066.30
   0.120   3.011   0.590   3.070     -513.20     -506.37      779.43     1061.74
   0.125   3.016   0.582   3.074     -513.76     -496.61      779.28     1057.28
   0.130   3.020   0.575   3.077     -514.34     -486.94      779.08     1052.91
   0.135   3.025   0.568   3.081     -514.95     -477.35      778.85     1048.64
   0.140   3.029   0.560   3.084     -515.58     -467.86      778.58     1044.46
   0.144   3.034   0.553   3.087     -516.23     -458.45      778.26     1040.37
   0.149   3.038   0.545   3.090     -516.90     -449.13      777.90     1036.36
   0.154   3.042   0.538   3.093     -517.60     -439.90      777.50     1032.44
   0.159   3.047   0.530   3.097     -518.31     -430.76      777.05     1028.60
   0.165   3.051   0.523   3.100     -519.04     -421.70      776.56     1024.83
   0.170   3.055   0.515   3.103     -519.80     -412.73      776.02     1021.15
   0.175   3.059   0.507   3.106     -520.57     -403.84      775.43     1017.53
   0.180   3.063   0.500   3.109     -521.36     -395.04      774.79     1013.99
   0.185   3.067   0.492   3.111     -522.17     -386.33      774.10     1010.52
   0.190   3.070   0.484   3.114     -522.99     -377.70      773.36     1007.11
   0.195   3.074   0.477   3.117     -523.84     -369.16      772.56     1003.76
   0.201   3.078   0.469   3.120     -524.69     -360.70      771.71     1000.48
   0.206   3.081   0.461   3.123     -525.56     -352.33      770.81      997.25
   0.211   3.085   0.454   3.125     -526.45     -344.05      769.85      994.07
   0.216   3.088   0.446   3.128     -527.35     -335.85      768.83      990.95
   0.222   3.092   0.438   3.130     -528.26     -327.74      767.75      987.88
   0.227   3.095   0.430   3.133     -529.18     -319.71      766.60      984.85
   0.233   3.098   0.423   3.135     -530.11     -311.77      765.40      981.86
   0.238   3.101   0.415   3.138     -531.05     -303.91      764.13      978.91
   0.243   3.104   0.407   3.140     -531.99     -296.14      762.79      976.00
   0.249   3.107   0.399   3.143     -532.95     -288.46      761.39      973.11
   0.254   3.110   0.391   3.145     -533.90     -280.86      759.92      970.26
   0.260   3.113   0.383   3.147     -534.87     -273.35      758.37      967.43
   0.265   3.116   0.376   3.150     -535.83     -265.92      756.76      964.63
   0.271   3.119   0.368   3.152     -536.79     -258.59      755.07      961.84
   0.277   3.121   0.360   3.154     -537.76     -251.34      753.31      959.07
   0.282   3.124   0.352   3.156     -538.72     -244.18      751.47      956.32
   0.288   3.126   0.344   3.158     -539.67     -237.11      749.55      953.57
   0.294   3.129   0.336   3.161     -540.62     -230.12      747.55      950.82
   0.299   3.131   0.328   3.163     -541.57     -223.23      745.47      948.08
   0.305   3.134   0.321   3.165     -542.50     -216.42      743.30      945.33
   0.311   3.136   0.313   3.167     -543.43     -209.71      741.06      942.58
   0.316   3.138   0.305   3.169     -544.34     -203.08      738.72      939.82
   0.322   3.140   0.297   3.171     -545.24     -196.54      736.30      937.04
   0.328   3.142   0.289   3.173     -546.12     -190.10      733.78      934.25
   0.334   3.144   0.281   3.174     -546.98     -183.75      731.18      931.43
   0.340   3.146   0.273   3.176     -547.82     -177.49      728.48      928.59
   0.346   3.148   0.266   3.178     -548.64     -171.32      725.68      925.73
   0.352   3.150   0.258   3.180     -549.43     -165.24      722.79      922.83
   0.358   3.152   0.250   3.182     -550.19     -159.26      719.81      919.89
   0.364   3.153   0.242   3.183     -550.93     -153.38      716.72      916.92
   0.370   3.155   0.234   3.185     -551.63     -147.58      713.53      913.90
   0.376   3.157   0.226   3.187     -552.31     -141.89      710.24      910.83
   0.382   3.158   0.219   3.189     -552.94     -136.29      706.84      907.71
   0.388   3.160   0.211   3.190     -553.53     -130.78      703.34      904.54
   0.394   3.161   0.203   3.192     -554.09     -125.38      699.73      901.31
   0.400   3.162   0.195   3.194     -554.60     -120.07      696.01      898.01
   0.406   3.164   0.188   3.195     -555.06     -114.86      692.18      894.65
   0.413   3.165   0.180   3.197     -555.48     -109.75      688.23      891.22
   0.419   3.166   0.172   3.198     -555.84     -104.73      684.18      887.71
   0.425   3.167   0.165   3.200     -556.15      -99.82      680.00      884.12
   0.431   3.168   0.157   3.201     -556.40      -95.01      675.72      880.46
   0.438   3.169   0.149   3.203     -556.60      -90.31      671.31      876.70
   0.444   3.170   0.142   3.205     -556.73      -85.70      666.78      872.86
   0.451   3.171   0.134   3.206     -556.79      -81.20      662.13      868.93
   0.457   3.172   0.126   3.208     -556.79      -76.81      657.36      864.89
   0.463   3.173   0.119   3.209     -556.72      -72.51      652.47      860.76
   0.470   3.174   0.111   3.211     -556.58      -68.33      647.44      856.52
   0.476   3.175   0.104   3.212     -556.36      -64.25      642.30      852.18
   0.483   3.176   0.096   3.213     -556.06      -60.28      637.02      847.72
   0.490   3.176   0.089   3.215     -555.67      -56.42      631.62      843.15
   0.496   3.177   0.081   3.216     -555.21      -52.66      626.08      838.46
   0.503   3.177   0.074   3.218     -554.65      -49.02      620.42      833.64
   0.509   3.178   0.066   3.219     -554.01      -45.48      614.62      828.70
   0.516   3.179   0.059   3.221     -553.27      -42.06      608.68      823.63
   0.523   3.179   0.051   3.222     -552.44      -38.76      602.61      818.43
   0.530   3.180   0.044   3.224     -551.51      -35.56      596.41      813.10
   0.536   3.180   0.037   3.225     -550.48      -32.48      590.06      807.62
   0.543   3.180   0.029   3.227     -549.34      -29.52      583.58      802.01
   0.550   3.181   0.022   3.228     -548.10      -26.67      576.95      796.24
   0.557   3.181   0.015   3.229     -546.75      -23.94      570.19      790.33
   0.564   3.181   0.008   3.231     -545.28      -21.33      563.28      784.27
   0.571   3.182   0.001   3.232     -543.71      -18.84      556.23      778.06
   0.578   3.182  -0.007   3.234     -542.01      -16.48      549.04      771.68
   0.585   3.182  -0.014   3.235     -540.20      -14.23      541.70      765.15
   0.592   3.182  -0.021   3.237     -538.26      -12.11      534.22      758.46
   0.599   3.182  -0.028   3.238     -536.20      -10.12      526.58      751.60
   0.606   3.182  -0.035   3.240     -534.02       -8.25      518.80      744.58
   0.614   3.182  -0.042   3.241     -531.71       -6.51      510.87      737.39
   0.621   3.183  -0.049   3.243     -529.27       -4.91      502.79      730.03
   0.628   3.183  -0.055   3.244     -526.70       -3.43      494.56      722.50
   0.635   3.183  -0.062   3.246     -523.99       -2.09      486.17      714.80
   0.643   3.183  -0.069   3.248     -521.15       -0.89      477.63      706.92
   0.650   3.183  -0.076   3.249     -518.18        0.17      468.94      698.87
   0.658   3.183  -0.082   3.251     -515.08        1.10      460.09      690.64
   0.665   3.183  -0.089   3.253     -511.84        1.88      451.08      682.24
   0.673   3.183  -0.096   3.254     -508.46        2.51      441.92      673.67
   0.680   3.183  -0.102   3.256     -504.95        2.99      432.59      664.92
   0.688   3.183  -0.109   3.258     -501.30        3.32      423.10      656.00
   0.695   3.182  -0.115   3.260     -497.53        3.50      413.46      646.91
   0.703   3.182  -0.121   3.261     -493.62        3.51      403.64      637.65
   0.711   3.182  -0.128   3.263     -489.59        3.36      393.67      628.23
   0.719   3.182  -0.134   3.265     -485.43        3.04      383.52      618.66
   0.727   3.182  -0.140   3.267     -481.15        2.54      373.21      608.93
   0.735   3.182  -0.146   3.269     -476.76        1.86      362.72      599.05
   0.742   3.182  -0.152   3.271     -472.25        1.00      352.06      589.04
   0.751   3.182  -0.158   3.273     -467.65       -0.05      341.23      578.91
   0.759   3.182  -0.164   3.276     -462.96       -1.31      330.22      568.66
   0.767   3.182  -0.170   3.278     -458.18       -2.78      319.03      558.32
   0.775   3.182  -0.176   3.280     -453.33       -4.46      307.66      547.89
   0.783   3.182  -0.181   3.282     -448.44       -6.37      296.10      537.41
   0.792   3.183  -0.187   3.285     -443.50       -8.53      284.36      526.90
   0.800   3.183  -0.192   3.287     -438.54      -10.93      272.42      516.39
   0.809   3.183  -0.197   3.290     -433.59      -13.60      260.30      505.91
   0.817   3.183  -0.202   3.293     -428.68      -16.55      247.97      495.51
   0.826   3.184  -0.207   3.296     -423.82      -19.80      235.46      485.24
   0.835   3.184  -0.212   3.299     -419.06      -23.36      222.74      475.15
   0.844   3.185  -0.216   3.302     -414.44      -27.25      209.82      465.32
   0.853   3.185  -0.221   3.305     -410.00      -31.49      196.70      455.83
   0.862   3.186  -0.225   3.308     -405.80      -36.11      183.39      446.77
   0.871   3.187  -0.229   3.312     -401.88      -41.12      169.89      438.25
   0.880   3.188  -0.233   3.315     -398.33      -46.54      156.19      430.38
   0.889   3.189  -0.236   3.319     -395.20      -52.41      142.32      423.30
   0.899   3.190  -0.240   3.323     -392.57      -58.72      128.29      417.15
   0.908   3.192  -0.242   3.327     -390.52      -65.51      114.12      412.10
   0.918   3.194  -0.245   3.332     -389.14      -72.78       99.82      408.28
   0.927   3.195  -0.247   3.336     -388.51      -80.53       85.43      405.86
   0.937   3.198  -0.249   3.341     -388.70      -88.78       70.98      404.98
   0.946   3.200  -0.251   3.346     -389.80      -97.50       56.50      405.76
   0.956   3.202  -0.252   3.351     -391.85     -106.69       42.04      408.28
   0.966   3.205  -0.253   3.357     -394.91     -116.32       27.63      412.61
   0.975   3.208  -0.253   3.362     -399.01     -126.35       13.32      418.75
   0.985   3.211  -0.254   3.368     -404.18     -136.76       -0.86      426.69
   0.994   3.214  -0.253   3.374     -410.42     -147.50      -14.88      436.37
   1.003   3.218  -0.253   3.380     -417.72     -158.54      -28.70      447.72
   1.013   3.221  -0.252   3.386     -426.07     -169.82      -42.31      460.61
   1.022   3.225  -0.251   3.393     -435.43     -181.32      -55.70      474.95
   1.031   3.229  -0.250   3.399     -445.78     -193.00      -68.84      490.62
   1.040   3.233  -0.248   3.405     -457.08     -204.82      -81.73      507.50
   1.049   3.237  -0.247   3.412     -469.30     -216.76      -94.37      525.49
   1.058   3.241  -0.245   3.418     -482.40     -228.78     -106.75      544.47
   1.067   3.246  -0.243   3.425     -496.35     -240.87     -118.88      564.37
   1.076   3.250  -0.240   3.432     -511.11     -253.00     -130.76      585.10
   1.084   3.254  -0.238   3.438     -526.65     -265.16     -142.39      606.59
   1.093   3.259  -0.236   3.445     -542.95     -277.33     -153.78      628.78
   1.102   3.263  -0.233   3.452     -559.99     -289.50     -164.93      651.61
   1.110   3.267  -0.231   3.459     -577.73     -301.66     -175.85      675.05
   1.119   3.272  -0.228   3.465     -596.16     -313.80     -186.54      699.05
   1.127   3.276  -0.225   3.472     -615.26     -325.91     -197.00      723.59
   1.136   3.281  -0.223   3.479     -635.02     -337.99     -207.24      748.63
   1.144   3.285  -0.220   3.486     -655.43     -350.02     -217.27      774.15
   1.153   3.290  -0.217   3.493     -676.47     -362.01     -227.08      800.14
   1.161   3.295  -0.214   3.500     -698.13     -373.94     -236.69      826.58
   1.169   3.299  -0.211   3.507     -720.40     -385.83     -246.09      853.46
   1.178   3.304  -0.208   3.513     -743.28     -397.65     -255.29      880.78
   1.186   3.308  -0.205   3.520     -766.77     -409.42     -264.28      908.52
   1.195   3.313  -0.203   3.527     -790.85     -421.13     -273.08      936.68
   1.203   3.317  -0.200   3.534     -815.52     -432.77     -281.68      965.25
   1.212   3.322  -0.197   3.541     -840.79     -444.35     -290.09      994.25
   1.220   3.326  -0.194   3.548     -866.65     -455.87     -298.31     1023.66
   1.229   3.330  -0.191   3.555     -893.10     -467.32     -306.33     1053.49
   1.237   3.335  -0.188   3.562     -920.13     -478.70     -314.17     1083.74
   1.246   3.339  -0.185   3.569     -947.76     -490.02     -321.81     1114.42
   1.254   3.344  -0.182   3.576     -975.98     -501.27     -329.27     1145.53
   1.263   3.348  -0.179   3.583    -1004.80     -512.45     -336.54     1177.07
   1.271   3.352  -0.177   3.590    -1034.21     -523.57     -343.63     1209.05
   1.280   3.357  -0.174   3.597    -1064.23     -534.62     -350.53     1241.48
   1.288   3.361  -0.171   3.604    -1094.85     -545.61     -357.24     1274.36
   1.297   3.365  -0.168   3.610    -1126.08     -556.53     -363.77     1307.71
   1.306   3.370  -0.165   3.617    -1157.92     -567.38     -370.12     1341.52
   1.314   3.374  -0.163   3.624    -1190.38     -578.17     -376.28     1375.81
   1.323   3.378  -0.160   3.631    -1223.46     -588.90     -382.25     1410.59
   1.332   3.382  -0.157   3.638    -1257.17     -599.57     -388.05     1445.87
   1.340   3.386  -0.154   3.645    -1291.53     -610.17     -393.66     1481.66
   1.349   3.390  -0.152   3.652    -1326.52     -620.72     -399.09     1517.97
   1.358   3.394  -0.149   3.659    -1362.17     -631.21     -404.33     1554.80
   1.367   3.398  -0.147   3.666    -1398.47     -641.64     -409.39     1592.17
   1.375   3.402  -0.144   3.673    -1435.44     -652.01     -414.26     1630.10
   1.384   3.406  -0.142   3.680    -1473.08     -662.33     -418.96     1668.59
   1.393   3.410  -0.139   3.687    -1511.41     -672.60     -423.46     1707.65
   1.402   3.414  -0.137   3.693    -1550.43     -682.82     -427.79     1747.30
   1.411   3.418  -0.134   3.700    -1590.15     -692.98     -431.93     1787.56
   1.420   3.422  -0.132   3.707    -1630.58     -703.10     -435.88     1828.42
   1.429   3.426  -0.129   3.714    -1671.73     -713.17     -439.65     1869.91
   1.437   3.430  -0.127   3.721    -1713.61     -723.20     -443.24     1912.05
   1.446   3.433  -0.125   3.728    -1756.23     -733.18     -446.64     1954.83
   1.455   3.437  -0.122   3.735    -1799.60     -743.12     -449.85     1998.29
   1.464   3.441  -0.120   3.742    -1843.73     -753.03     -452.88     2042.43
   1.474   3.445  -0.118   3.748    -1888.64     -762.89     -455.72     2087.26
   1.483   3.448  -0.116   3.755    -1934.34     -772.72     -458.37     2132.81
   1.492   3.452  -0.114   3.762    -1980.83     -782.52     -460.84     2179.08
   1.501   3.455  -0.112   3.769    -2028.13     -792.28     -463.12     2226.10
   1.510   3.459  -0.110   3.776    -2076.25     -802.02     -465.21     2273.87
   1.519   3.462  -0.108   3.783    -2125.21     -811.73     -467.12     2322.41
   1.528   3.466  -0.106   3.789    -2175.01     -821.41     -468.83     2371.75
   1.537   3.469  -0.104   3.796    -2225.68     -831.07     -470.36     2421.89
   1.547   3.473  -0.102   3.803    -2277.22     -840.71     -471.69     2472.85
   1.556   3.476  -0.100   3.810    -2329.64     -850.34     -472.84     2524.66
   1.565   3.480  -0.098   3.817    -2382.97     -859.94     -473.79     2577.31
   1.574   3.483  -0.096   3.823    -2437.22     -869.53     -474.56     2630.84
   1.584   3.486  -0.094   3.830    -2492.40     -879.11     -475.13     2685.26
   1.593   3.489  -0.093   3.837    -2548.52     -888.69     -475.50     2740.59
   1.602   3.493  -0.091   3.844    -2605.61     -898.25     -475.69     2796.84
   1.611   3.496  -0.089   3.850    -2663.67     -907.81     -475.68     2854.04
   1.621   3.499  -0.088   3.857    -2722.73     -917.37     -475.48     2912.20
   1.630   3.502  -0.086   3.864    -2782.79     -926.93     -475.08     2971.34
   1.640   3.505  -0.084   3.871    -2843.88     -936.49     -474.49     3031.47
   1.649   3.508  -0.083   3.877    -2906.01     -946.05     -473.70     3092.62
   1.658   3.511  -0.081   3.884    -2969.20     -955.63     -472.72     3154.81
   1.668   3.514  -0.080   3.891    -3033.46     -965.21     -471.53     3218.06
   1.677   3.517  -0.078   3.898    -3098.82     -974.81     -470.15     3282.37
   1.687   3.520  -0.077   3.904    -3165.28     -984.42     -468.57     3347.79
   1.696   3.523  -0.076   3.911    -3232.87     -994.06     -466.79     3414.31
   1.706   3.526  -0.074   3.918    -3301.61    -1003.71     -464.81     3481.97
   1.715   3.529  -0.073   3.924    -3371.51    -1013.38     -462.63     3550.78
   1.725   3.532  -0.072   3.931    -3442.59    -1023.09     -460.24     3620.77
   1.734   3.535  -0.070   3.938    -3514.88    -1032.82     -457.66     3691.95
   1.744   3.537  -0.069   3.944    -3588.38    -1042.58     -454.87     3764.35
   1.753   3.540  -0.068   3.951    -3663.12    -1052.37     -451.87     3837.98
   1.763   3.543  -0.067   3.958    -3739.12    -1062.21     -448.67     3912.87
   1.772   3.546  -0.066   3.964    -3816.39    -1072.08     -445.26     3989.04
   1.782   3.548  -0.065   3.971    -3894.96    -1081.99     -441.65     4066.51
   1.791   3.551  -0.063   3.978    -3974.85    -1091.95     -437.83     4145.30
   1.801   3.554  -0.062   3.984    -4056.07    -1101.96     -433.80     4225.43
   1.811   3.556  -0.061   3.991    -4138.66    -1112.01     -429.55     4306.92
   1.820   3.559  -0.060   3.998    -4222.62    -1122.12     -425.10     4389.80
   1.830   3.561  -0.059   4.004    -4307.98    -1132.29     -420.44     4474.09
   1.839   3.564  -0.059   4.011    -4394.75    -1142.51     -415.56     4559.81
   1.849   3.566  -0.058   4.018    -4482.97    -1152.80     -410.47     4646.98
   1.859   3.569  -0.057   4.024    -4572.65    -1163.15     -405.16     4735.63
   1.868   3.571  -0.056   4.031    -4663.81    -1173.56     -399.64     4825.78
   1.878   3.574  -0.055   4.037    -4756.48    -1184.05     -393.90     4917.44
   1.888   3.576  -0.054   4.044    -4850.67    -1194.61     -387.94     5010.65
   1.897   3.578  -0.054   4.051    -4946.42    -1205.24     -381.76     5105.42
   1.907   3.581  -0.053   4.057    -5043.73    -1215.95     -375.36     5201.79
   1.917   3.583  -0.052   4.064    -5142.63    -1226.74     -368.74     5299.76
   1.927   3.585  -0.051   4.071    -5243.15    -1237.61     -361.90     5399.37
   1.936   3.588  -0.051   4.077    -5345.30    -1248.57     -354.83     5500.64
   1.946   3.590  -0.050   4.084    -5449.11    -1259.62     -347.54     5603.59
   1.956   3.592  -0.050   4.090    -5554.60    -1270.76     -340.02     5708.25
   1.965   3.594  -0.049   4.097    -5661.80    -1282.00     -332.27     5814.63
   1.975   3.597  -0.048   4.104    -5770.72    -1293.33     -324.30     5922.76
   1.985   3.599  -0.048   4.110    -5881.39    -1304.76     -316.09     6032.67
   1.995   3.601  -0.047   4.117    -5993.84    -1316.30     -307.65     6144.38
   2.004   3.603  -0.047   4.123    -6108.07    -1327.93     -298.99     6257.90
   2.014   3.605  -0.046   4.130    -6224.12    -1339.68     -290.08     6373.27
   2.024   3.607  -0.046   4.136    -6342.02    -1351.54     -280.94     6490.51
   2.034   3.609  -0.046   4.143    -6461.77    -1363.51     -271.57     6609.64
   2.044   3.611  -0.045   4.150    -6583.41    -1375.59     -261.96     6730.69
   2.053   3.613  -0.045   4.156    -6706.95    -1387.80     -252.11     6853.67
   2.063   3.615  -0.044   4.163    -6832.42    -1400.12     -242.02     6978.61
   2.073   3.617  -0.044   4.169    -6959.85    -1412.57     -231.69     7105.53
   2.083   3.619  -0.044   4.176    -7089.25    -1425.14     -221.11     7234.46
   2.092   3.621  -0.043   4.183    -7220.64    -1437.85     -210.30     7365.41
   2.102   3.623  -0.043   4.189    -7354.05    -1450.68     -199.23     7498.42
   2.112   3.625  -0.043   4.196    -7489.50    -1463.64     -187.93     7633.49
   2.122   3.627  -0.043   4.202    -7627.01    -1476.75     -176.37     7770.67
   2.132   3.629  -0.042   4.209    -7766.61    -1489.99     -164.57     7909.95
   2.142   3.631  -0.042   4.216    -7908.30    -1503.37     -152.51     8051.38
   2.151   3.633  -0.042   4.222    -8052.12    -1516.89     -140.21     8194.96
   2.161   3.635  -0.042   4.229    -8198.09    -1530.56     -127.65     8340.72
   2.171   3.636  -0.042   4.235    -8346.22    -1544.37     -114.85     8488.67
   2.181   3.638  -0.042   4.242    -8496.53    -1558.33     -101.78     8638.85
   2.191   3.640  -0.042   4.249    -8649.04    -1572.45      -88.47     8791.27
   2.201   3.642  -0.041   4.255    -8803.78    -1586.71      -74.89     8945.94
   2.210   3.644  -0.041   4.262    -8960.76    -1601.14      -61.06     9102.89
   2.220   3.645  -0.041   4.268    -9119.99    -1615.71      -46.97     9262.13
   2.230   3.647  -0.041   4.275    -9281.50    -1630.45      -32.62     9423.68
   2.240   3.649  -0.041   4.282    -9445.31    -1645.35      -18.02     9587.56
   2.250   3.650  -0.041   4.288    -9611.42    -1660.41       -3.15     9753.79
   2.260   3.652  -0.041   4.295    -9779.86    -1675.64       11.98     9922.38
   2.270   3.654  -0.041   4.302    -9950.64    -1691.03       27.37    10093.34
   2.279   3.656  -0.041   4.308   -10123.77    -1706.58       43.03    10266.69
   2.289   3.657  -0.041   4.315   -10299.27    -1722.31       58.95    10442.45
   2.299   3.659  -0.041   4.321   -10477.14    -1738.20       75.13    10620.62
   2.309   3.660  -0.041   4.328   -10657.41    -1754.26       91.57    10801.22
   2.319   3.662  -0.042   4.335   -10840.08    -1770.50      108.29    10984.25
   2.329   3.664  -0.042   4.341   -11025.16    -1786.91      125.26    11169.73
   2.339   3.665  -0.042   4.348   -11212.67    -1803.49      142.50    11357.67
   2.348   3.667  -0.042   4.355   -11402.59    -1820.24      160.01    11548.08
   2.358   3.668  -0.042   4.361   -11594.96    -1837.17      177.79    11740.95
   2.368   3.670  -0.042   4.368   -11789.76    -1854.27      195.83    11936.30
   2.378   3.672  -0.042   4.375   -11987.01    -1871.55      214.13    12134.12
   2.388   3.673  -0.043   4.381   -12186.70    -1889.01      232.70    12334.43
   2.398   3.675  -0.043   4.388   -12388.84    -1906.63      251.54    12537.22
   2.408   3.676  -0.043   4.395   -12593.42    -1924.44      270.64    12742.49
   2.418   3.678  -0.043   4.401   -12800.46    -1942.42      290.00    12950.24
   2.427   3.679  -0.043   4.408   -13009.93    -1960.57      309.63    13160.47
   2.437   3.681  -0.044   4.415   -13221.83    -1978.89      329.52    13373.16
   2.447   3.682  -0.044   4.421   -13436.17    -1997.39      349.67    13588.32
   2.457   3.684  -0.044   4.428   -13652.93    -2016.06      370.08    13805.94
   2.467   3.685  -0.044   4.435   -13872.09    -2034.90      390.75    14025.99
   2.477   3.686  -0.045   4.441   -14093.65    -2053.91      411.68    14248.47
   2.487   3.688  -0.045   4.448   -14317.59    -2073.09      432.86    14473.37
   2.497   3.689  -0.045   4.455   -14543.89    -2092.42      454.30    14700.66
   2.507   3.691  -0.046   4.462   -14772.54    -2111.93      475.99    14930.33
   2.516   3.692  -0.046   4.468   -15003.50    -2131.59      497.93    15162.34
   2.526   3.694  -0.046   4.475   -15236.76    -2151.41      520.12    15396.69
   2.536   3.695  -0.047   4.482   -15472.29    -2171.38      542.56    15633.33
   2.546   3.696  -0.047   4.489   -15710.05    -2191.51      565.23    15872.24
   2.556   3.698  -0.047   4.495   -15950.02    -2211.78      588.15    16113.38
   2.566   3.699  -0.048   4.502   -16192.15    -2232.19      611.30    16356.72
   2.576   3.700  -0.048   4.509   -16436.41    -2252.74      634.68    16602.21
   2.586   3.702  -0.048   4.516   -16682.75    -2273.43      658.29    16849.81
   2.596   3.703  -0.049   4.522   -16931.13    -2294.25      682.13    17099.47
   2.606   3.704  -0.049   4.529   -17181.49    -2315.19      706.19    17351.15
   2.615   3.706  -0.050   4.536   -17433.79    -2336.25      730.46    17604.79
   2.625   3.707  -0.050   4.543   -17687.95    -2357.42      754.94    17860.32
   2.635   3.708  -0.051   4.550   -17943.93    -2378.70      779.63    18117.69
   2.645   3.710  -0.051   4.557   -18201.65    -2400.07      804.51    18376.82
   2.655   3.711  -0.051   4.563   -18461.04    -2421.54      829.59    18637.65
   2.665   3.712  -0.052   4.570   -18722.02    -2443.09      854.86    18900.09
   2.675   3.714  -0.052   4.577   -18984.52    -2464.71      880.30    19164.08
   2.685   3.715  -0.053   4.584   -19248.45    -2486.40      905.92    19429.51
   2.695   3.716  -0.053   4.591   -19513.72    -2508.15      931.71    19696.30
   2.705   3.717  -0.054   4.598   -19780.23    -2529.94      957.65    19964.34
   2.715   3.719  -0.054   4.604   -20047.87    -2551.77      983.74    20233.55
   2.724   3.720  -0.055   4.611   -20316.55    -2573.63     1009.97    20503.80
   2.734   3.721  -0.055   4.618   -20586.14    -2595.50     1036.33    20774.98
   2.744   3.722  -0.056   4.625   -20856.52    -2617.36     1062.81    21046.97
   2.754   3.724  -0.056   4.632   -21127.58    -2639.22     1089.40    21319.63
   2.764   3.725  -0.057   4.639   -21399.16    -2661.05     1116.09    21592.84
   2.774   3.726  -0.057   4.646   -21671.13    -2682.84     1142.87    21866.46
   2.784   3.727  -0.058   4.653   -21943.35    -2704.58     1169.72    22140.32
   2.794   3.729  -0.058   4.660   -22215.65    -2726.24     1196.64    22414.27
   2.804   3.730  -0.059   4.666   -22487.87    -2747.81     1223.60    22688.15
   2.814   3.731  -0.059   4.673   -22759.84    -2769.28     1250.60    22961.77
   2.824   3.732  -0.060   4.680   -23031.36    -2790.63     1277.62    23234.97
   2.833   3.733  -0.060   4.687   -23302.27    -2811.83     1304.65    23507.53
   2.843   3.735  -0.061   4.694   -23572.34    -2832.87     1331.66    23779.27
   2.853   3.736  -0.062   4.701   -23841.38    -2853.73     1358.65    24049.97
   2.863   3.737  -0.062   4.708   -24109.16    -2874.38     1385.59    24319.41
   2.873   3.738  -0.063   4.715   -24375.45    -2894.80     1412.47    24587.35
   2.883   3.739  -0.063   4.722   -24640.02    -2914.97     1439.27    24853.55
   2.893   3.741  -0.064   4.729   -24902.60    -2934.86     1465.96    25117.76
   2.903   3.742  -0.064   4.736   -25162.94    -2954.44     1492.53    25379.71
   2.913   3.743  -0.065   4.743   -25420.76    -2973.69     1518.95    25639.13
   2.923   3.744  -0.066   4.750   -25675.76    -2992.58     1545.20    25895.71
   2.933   3.745  -0.066   4.757   -25927.66    -3011.08     1571.26    26149.16
   2.943   3.746  -0.067   4.764   -26176.12    -3029.16     1597.10    26399.17
   2.952   3.747  -0.067   4.771   -26420.84    -3046.78     1622.69    26645.39
   2.962   3.749  -0.068   4.778   -26661.45    -3063.91     1648.02    26887.48
   2.972   3.750  -0.069   4.785   -26897.61    -3080.52     1673.04    27125.08
   2.982   3.751  -0.069   4.792   -27128.94    -3096.56     1697.74    27357.82
   2.992   3.752  -0.070   4.799   -27355.05    -3112.01     1722.08    27585.30
   3.002   3.753  -0.071   4.807   -27575.53    -3126.82     1746.02    27807.12
   3.012   3.754  -0.071   4.814   -27789.97    -3140.94     1769.54    28022.83
   3.022   3.755  -0.072   4.821   -27997.92    -3154.34     1792.60    28232.01
   3.032   3.756  -0.072   4.828   -28198.91    -3166.97     1815.16    28434.19
   3.042   3.758  -0.073   4.835   -28392.48    -3178.79     1837.19    28628.88
   3.052   3.759  -0.074   4.842   -28578.13    -3189.73     1858.65    28815.59
   3.062   3.760  -0.074   4.849   -28755.33    -3199.76     1879.49    28993.79
   3.071   3.761  -0.075   4.856   -28923.54    -3208.82     1899.68    29162.93
   3.081   3.762  -0.076   4.863   -29082.21    -3216.85     1919.17    29322.45
   3.091   3.763  -0.076   4.871   -29230.75    -3223.81     1937.92    29471.77
   3.101   3.764  -0.077   4.878   -29368.55    -3229.61     1955.87    29610.26
   3.111   3.765  -0.078   4.885   -29494.98    -3234.22     1972.98    29737.30
   3.121   3.766  -0.078   4.892   -29609.39    -3237.56     1989.20    29852.21
   3.131   3.767  -0.079   4.899   -29711.09    -3239.56     2004.47    29954.32
   3.141   3.769  -0.080   4.906   -29799.36    -3240.16     2018.75    30042.90
   3.151   3.770  -0.080   4.914   -29873.48    -3239.28     2031.96    30117.21
   3.161   3.771  -0.081   4.921   -29932.67    -3236.85     2044.06    30176.49
   3.171   3.772  -0.082   4.928   -29976.15    -3232.79     2054.98    30219.92
   3.181   3.773  -0.082   4.935   -30003.07    -3227.02     2064.66    30246.67
   3.190   3.774  -0.083   4.942   -30012.59    -3219.46     2073.03    30255.88
   3.200   3.775  -0.084   4.950   -30003.81    -3210.01     2080.03    30246.65
   3.210   3.776  -0.084   4.957   -29975.81    -3198.60     2085.57    30218.04
   3.220   3.777  -0.085   4.964   -29927.62    -3185.12     2089.59    30169.09
   3.230   3.778  -0.086   4.971   -29858.25    -3169.49     2092.02    30098.79
   3.240   3.779  -0.087   4.979   -29766.65    -3151.59     2092.76    30006.09
   3.250   3.780  -0.087   4.986   -29651.76    -3131.32     2091.75    29889.92
   3.260   3.781  -0.088   4.993   -29512.46    -3108.58     2088.89    29749.16
   3.270   3.782  -0.089   5.001   -29347.60    -3083.25     2084.10    29582.62
   3.280   3.783  -0.089   5.008   -29155.97    -3055.21     2077.28    29389.11
   3.290   3.784  -0.090   5.015   -28936.32    -3024.35     2068.34    29167.37
   3.300   3.785  -0.091   5.022   -28687.37    -2990.53     2057.19    28916.09
   3.310   3.786  -0.091   5.030   -28407.77    -2953.64     2043.72    28633.94
   3.319   3.787  -0.092   5.037   -28096.14    -2913.52     2027.83    28319.50
   3.329   3.789  -0.093   5.044   -27751.04    -2870.05     2009.40    27971.33
   3.339   3.790  -0.094   5.052   -27370.97    -2823.07     1988.33    27587.92
   3.349   3.791  -0.094   5.059   -26954.38    -2772.44     1964.51    27167.70
   3.359   3.792  -0.095   5.066   -26499.66    -2718.00     1937.80    26709.07
   3.369   3.793  -0.096   5.074   -26005.14    -2659.57     1908.09    26210.33
   3.379   3.794  -0.097   5.081   -25469.10    -2597.00     1875.25    25669.75
   3.389   3.795  -0.097   5.089   -24889.75    -2530.11     1839.15    25085.52
   3.399   3.796  -0.098   5.096   -24265.21    -2458.72     1799.65    24455.76
   3.409   3.797  -0.099   5.103   -23593.56    -2382.62     1756.61    23778.54
   3.419   3.798  -0.099   5.111   -22872.80    -2301.64     1709.88    23051.81
   3.429   3.799  -0.100   5.118   -22100.83    -2215.55     1659.32    22273.50
   3.439   3.800  -0.101   5.125   -21275.51    -2124.14     1604.77    21441.42
   3.448   3.801  -0.102   5.133   -20394.56    -2027.19     1546.07    20553.29
   3.458   3.802  -0.102   5.140   -19455.65    -1924.46     1483.06    19606.77
   3.468   3.803  -0.103   5.148   -18456.34    -1815.69     1415.57    18599.39
   3.478   3.804  -0.104   5.155   -17394.07    -1700.64     1343.43    17528.56
   3.488   3.805  -0.105   5.163   -16266.15    -1579.02     1266.45    16391.61
   3.498   3.805  -0.106   5.170   -15069.77    -1450.54     1184.46    15185.68
   3.508   3.806  -0.106   5.177   -13801.93    -1314.86     1097.27    13907.78
   3.518   3.807  -0.107   5.185   -12459.43    -1171.66     1004.69    12554.67
   3.528   3.808  -0.108   5.192   -11038.76    -1020.52      906.53    11122.84
   3.538   3.809  -0.109   5.200    -9536.01     -860.99      802.57     9608.38
   3.548   3.810  -0.110   5.207    -7946.54     -692.52      692.60     8006.67
   3.558   3.811  -0.110   5.215    -6264.39     -514.36      576.38     6311.84
   3.563   3.811  -0.111   5.218    -5385.95     -421.30      515.83     5426.97
   3.568   3.812  -0.111   5.222    -4480.45     -325.30      453.57     4515.09
   3.572   3.812  -0.112   5.226    -3545.22     -226.01      389.51     3573.71
   3.575   3.812  -0.112   5.227    -3065.09     -174.95      356.76     3090.73
   3.577   3.812  -0.113   5.229    -2575.36     -122.79      323.47     2598.50
   3.580   3.812  -0.113   5.231    -2074.41      -69.32      289.57     2095.67
   3.582   3.812  -0.113   5.233    -1559.33      -14.17      254.94     1580.10
   3.584   3.812  -0.113   5.234    -1294.83       14.24      237.27     1316.46
   3.585   3.812  -0.114   5.234    -1024.00       43.42      219.28     1048.12
   3.586   3.812  -0.114   5.235     -744.50       73.65      200.86      774.63
   3.587   3.812  -0.114   5.236     -600.30       89.31      191.43      636.39
   3.587   3.812  -0.114   5.236     -452.30      105.44      181.82      498.75
   3.588   3.812  -0.115   5.236     -300.44      122.07      172.06      367.12
   3.588   3.812  -0.115   5.236     -224.12      130.48      167.21      308.56
   3.588   3.812  -0.115   5.236     -149.87      138.69      162.53      260.98
   3.588   3.812  -0.115   5.236      -81.82      146.27      158.29      230.53
   3.588   3.811  -0.115   5.236      -24.84      152.66      154.79      218.82
   3.588   3.811  -0.116   5.236       19.06      157.63      152.14      219.90
   3.588   3.811  -0.116   5.236       51.54      161.34      150.22      226.39
   3.588   3.811  -0.116   5.236       75.43      164.11      148.84      234.04
   3.588   3.810  -0.116   5.235       93.18      166.19      147.84      241.16
   3.588   3.810  -0.116   5.235      111.93      168.43      146.83      249.92
   3.588   3.810  -0.117   5.235      124.47      169.98      146.20      256.44
   3.587   3.809  -0.117   5.234      136.25      171.50      145.68      263.06
   3.587   3.809  -0.118   5.233      145.41      172.81      145.39      268.60
   3.586   3.808  -0.118   5.232      149.70      173.57      145.38      271.42
   3.586   3.807  -0.119   5.231      151.82      174.07      145.50      272.98
   3.585   3.807  -0.119   5.230      152.97      174.45      145.67      273.96
   3.584   3.806  -0.120   5.229      153.92      174.94      145.96      274.96
   3.583   3.805  -0.121   5.228      154.54      175.39      146.27      275.75
   3.582   3.803  -0.122   5.226      155.28      176.05      146.75      276.84
   3.581   3.802  -0.124   5.224      155.98      176.70      147.23      277.90
   3.579   3.800  -0.125   5.222      156.67      177.35      147.73      278.96
   3.578   3.799  -0.126   5.220      157.36      178.01      148.22      280.04
   3.577   3.797  -0.127   5.218      158.06      178.68      148.72      281.12
   3.575   3.796  -0.129   5.216      158.76      179.35      149.22      282.20
   3.574   3.794  -0.130   5.214      159.47      180.02      149.73      283.30
   3.573   3.793  -0.131   5.212      160.18      180.70      150.25      284.41
   3.571   3.791  -0.132   5.210      160.90      181.39      150.77      285.52
   3.570   3.790  -0.134   5.208      161.63      182.08      151.29      286.64
   3.569   3.788  -0.135   5.206      162.36      182.78      151.82      287.78
   3.567   3.787  -0.136   5.204      163.09      183.48      152.35      288.92
   3.566   3.785  -0.137   5.202      163.83      184.19      152.89      290.07
   3.565   3.784  -0.139   5.200      164.58      184.90      153.43      291.24
   3.563   3.782  -0.140   5.198      165.34      185.62      153.98      292.41
   3.562   3.781  -0.141   5.196      166.10      186.35      154.54      293.59
   3.561   3.779  -0.142   5.194      166.86      187.08      155.10      294.78
   3.559   3.778  -0.144   5.192      167.63      187.82      155.66      295.99
   3.558   3.776  -0.145   5.190      168.41      188.56      156.24      297.20
   3.557   3.775  -0.146   5.188      169.20      189.31      156.81      298.42
   3.555   3.773  -0.147   5.186      169.99      190.07      157.40      299.66
   3.554   3.772  -0.149   5.184      170.79      190.83      157.99      300.91
   3.553   3.770  -0.150   5.182      171.59      191.60      158.58      302.17
   3.551   3.768  -0.151   5.180      172.40      192.38      159.19      303.44
   3.550   3.767  -0.152   5.178      173.22      193.16      159.80      304.72
   3.548   3.765  -0.154   5.176      174.05      193.96      160.41      306.01
   3.547   3.764  -0.155   5.174      174.88      194.75      161.03      307.32
   3.546   3.762  -0.156   5.172      175.72      195.56      161.66      308.64
   3.544   3.761  -0.157   5.170      176.57      196.37      162.30      309.97
   3.543   3.759  -0.159   5.168      177.43      197.19      162.94      311.31
   3.542   3.758  -0.160   5.166      178.29      198.02      163.59      312.67
   3.540   3.756  -0.161   5.164      179.16      198.86      164.25      314.04
   3.539   3.755  -0.162   5.162      180.04      199.70      164.92      315.43
   3.537   3.753  -0.164   5.159      181.38      200.99      165.93      317.53
   3.535   3.750  -0.166   5.156      182.73      202.29      166.96      319.67
   3.533   3.748  -0.168   5.154      184.11      203.61      168.01      321.84
   3.531   3.746  -0.170   5.151      185.50      204.95      169.08      324.04
   3.529   3.744  -0.172   5.148      186.91      206.31      170.17      326.28
   3.527   3.741  -0.173   5.145      188.35      207.70      171.28      328.56
   3.525   3.739  -0.175   5.142      189.80      209.10      172.41      330.87
   3.523   3.737  -0.177   5.139      191.28      210.53      173.56      333.22
   3.521   3.735  -0.179   5.136      192.79      211.99      174.74      335.61
   3.519   3.732  -0.181   5.133      194.31      213.46      175.93      338.05
   3.517   3.730  -0.183   5.130      195.86      214.96      177.15      340.52
   3.515   3.728  -0.185   5.127      197.44      216.49      178.40      343.04
   3.512   3.726  -0.186   5.124      199.04      218.04      179.67      345.60
   3.510   3.723  -0.188   5.121      200.67      219.63      180.97      348.21
   3.508   3.721  -0.190   5.118      202.32      221.24      182.29      350.87
   3.506   3.719  -0.192   5.115      204.01      222.87      183.65      353.58
   3.504   3.717  -0.194   5.112      205.72      224.54      185.03      356.34
   3.502   3.714  -0.196   5.109      207.47      226.24      186.44      359.15
   3.500   3.712  -0.198   5.106      209.24      227.98      187.89      362.02
   3.498   3.710  -0.199   5.103      211.05      229.75      189.37      364.94
   3.496   3.708  -0.201   5.100      212.89      231.55      190.88      367.93
   3.494   3.706  -0.203   5.097      214.77      233.38      192.42      370.97
   3.492   3.703  -0.205   5.094      216.68      235.26      194.00      374.08
   3.490   3.701  -0.207   5.091      218.63      237.17      195.62      377.25
   3.488   3.699  -0.209   5.088      220.61      239.13      197.28      380.49
   3.486   3.697  -0.210   5.085      222.64      241.12      198.98      383.80
   3.484   3.694  -0.212   5.082      224.71      243.16      200.73      387.19
   3.482   3.692  -0.214   5.079      226.82      245.25      202.51      390.64
   3.480   3.690  -0.216   5.076      228.97      247.38      204.35      394.18
   3.476   3.687  -0.219   5.072      232.29      250.66      207.18      399.64
   3.473   3.683  -0.222   5.067      235.71      254.07      210.14      405.30
   3.470   3.680  -0.224   5.063      239.25      257.59      213.21      411.16
   3.467   3.676  -0.227   5.059      242.91      261.25      216.41      417.24
   3.464   3.673  -0.230   5.054      246.69      265.04      219.75      423.55
   3.461   3.670  -0.233   5.050      250.62      268.99      223.24      430.11
   3.458   3.666  -0.235   5.045      254.68      273.08      226.88      436.94
   3.455   3.663  -0.238   5.041      258.90      277.35      230.69      444.04
   3.452   3.660  -0.241   5.036      263.28      281.80      234.68      451.44
   3.448   3.656  -0.244   5.032      267.84      286.43      238.86      459.17
   3.445   3.653  -0.246   5.028      272.57      291.28      243.25      467.23
   3.442   3.650  -0.249   5.023      277.50      296.34      247.85      475.66
   3.438   3.645  -0.253   5.017      285.30      304.38      255.22      489.06
   3.433   3.640  -0.258   5.010      293.60      313.01      263.17      503.43
   3.428   3.635  -0.262   5.003      302.48      322.30      271.80      518.89
   3.424   3.630  -0.266   4.997      311.98      332.33      281.18      535.57
   3.419   3.625  -0.270   4.990      322.18      343.18      291.40      553.61
   3.414   3.620  -0.274   4.984      333.15      354.97      302.57      573.18
   3.410   3.615  -0.279   4.977      344.97      367.80      314.82      594.47
   3.405   3.610  -0.283   4.971      357.74      381.80      328.28      617.67
   3.400   3.605  -0.287   4.964      371.54      397.14      343.12      643.04
   3.396   3.600  -0.291   4.957      386.51      413.99      359.53      670.85
   3.391   3.595  -0.296   4.951      402.74      432.54      377.72      701.40
   3.386   3.590  -0.300   4.945      420.38      453.02      397.92      735.04
   3.382   3.585  -0.304   4.938      439.56      475.67      420.42      772.16
   3.377   3.580  -0.309   4.932      460.42      500.79      445.52      813.18
   3.373   3.575  -0.313   4.925      483.10      528.68      473.58      858.58
   3.368   3.571  -0.318   4.919      507.74      559.69      504.98      908.88
   3.364   3.566  -0.322   4.913      534.48      594.21      540.14      964.63
   3.359   3.561  -0.327   4.906      563.45      632.64      579.54     1026.44
   3.355   3.556  -0.331   4.900      594.74      675.41      623.68     1094.93
   3.351   3.551  -0.336   4.894      628.42      723.01      673.10     1170.77
   3.347   3.546  -0.340   4.888      664.53      775.90      728.38     1254.65
   3.342   3.541  -0.345   4.881      703.06      834.59      790.12     1347.26
   3.338   3.536  -0.350   4.875      743.93      899.58      858.93     1449.29
   3.334   3.531  -0.355   4.869      787.04      971.39      935.45     1561.44
   3.330   3.526  -0.359   4.863      832.16     1050.51     1020.33     1684.38
   3.326   3.521  -0.364   4.857      879.04     1137.42     1114.19     1818.76
   3.322   3.516  -0.369   4.851      927.33     1232.61     1217.68     1965.20
   3.319   3.511  -0.374   4.846      976.61     1336.51     1331.40     2124.30
   3.315   3.506  -0.379   4.840     1026.37     1449.54     1455.96     2296.61
   3.311   3.501  -0.384   4.834     1076.05     1572.08     1591.94     2482.66
   3.308   3.496  -0.390   4.829     1124.98     1704.49     1739.89     2682.92
   3.305   3.491  -0.395   4.823     1172.46     1847.08     1900.33     2897.86
   3.302   3.486  -0.400   4.818     1217.69     2000.14     2073.75     3127.90
   3.298   3.480  -0.405   4.812     1259.85     2163.90     2260.62     3373.44
   3.296   3.475  -0.411   4.807     1298.02     2338.58     2461.38     3634.86
   3.293   3.470  -0.416   4.802     1331.26     2524.35     2676.42     3912.52
   3.290   3.465  -0.422   4.797     1358.58     2721.36     2906.11     4206.78
   3.288   3.460  -0.427   4.792     1378.92     2929.71     3150.80     4517.98
   3.285   3.455  -0.433   4.787     1391.22     3149.48     3410.79     4846.46
   3.283   3.449  -0.439   4.782     1394.36     3380.72     3686.37     5192.57
   3.281   3.444  -0.444   4.777     1387.20     3623.44     3977.78     5556.65
   3.279   3.439  -0.450   4.773     1368.56     3877.63     4285.25     5939.05
   3.277   3.434  -0.456   4.768     1337.25     4143.26     4608.97     6340.15
   3.276   3.428  -0.462   4.764     1292.05     4420.25     4949.11     6760.30
   3.274   3.423  -0.468   4.760     1231.72     4708.52     5305.80     7199.92
   3.273   3.418  -0.473   4.756     1155.00     5007.94     5679.16     7659.40
   3.272   3.413  -0.479   4.752     1060.62     5318.38     6069.27     8139.17
   3.271   3.407  -0.485   4.748      947.30     5639.65     6476.19     8639.68
   3.270   3.402  -0.491   4.744      813.74     5971.58     6899.95     9161.40
   3.269   3.397  -0.497   4.741      658.64     6313.95     7340.56     9704.82
   3.269   3.392  -0.504   4.737      480.68     6666.52     7797.99    10270.46
   3.269   3.387  -0.510   4.734      278.56     7029.04     8272.21    10858.84
   3.269   3.381  -0.516   4.731       50.94     7401.23     8763.15    11470.55
   3.269   3.376  -0.522   4.728     -203.48     7782.79     9270.70    12106.16
   3.269   3.371  -0.528   4.725     -486.05     8173.40     9794.77    12766.29
   3.269   3.366  -0.534   4.723     -798.07     8572.73    10335.21    13451.59
   3.270   3.361  -0.540   4.720    -1140.87     8980.43    10891.86    14162.71
   3.270   3.356  -0.546   4.718    -1515.77     9396.13    11464.55    14900.36
   3.271   3.351  -0.553   4.715    -1924.08     9819.44    12053.08    15665.25
   3.272   3.346  -0.559   4.713    -2367.12    10249.97    12657.22    16458.14
   3.274   3.341  -0.565   4.711    -2846.19    10687.29    13276.75    17279.79
   3.275   3.336  -0.571   4.710    -3362.58    11131.00    13911.40    18131.00
   3.277   3.331  -0.577   4.708    -3917.59    11580.64    14560.92    19012.61
   3.278   3.326  -0.583   4.707    -4512.51    12035.78    15225.02    19925.46
   3.280   3.321  -0.589   4.705    -5148.61    12495.95    15903.41    20870.45
   3.282   3.317  -0.596   4.704    -5827.16    12960.70    16595.78    21848.46
   3.285   3.312  -0.602   4.703    -6549.42    13429.54    17301.81    22860.45
   3.287   3.307  -0.608   4.702    -7316.65    13902.01    18021.18    23907.37
   3.289   3.303  -0.614   4.701    -8130.10    14377.62    18753.55    24990.20
   3.292   3.298  -0.620   4.701    -8991.00    14855.89    19498.58    26109.96
   3.295   3.293  -0.626   4.701    -9900.60    15336.31    20255.92    27267.69
   3.298   3.289  -0.632   4.700   -10860.12    15818.41    21025.23    28464.45
   3.301   3.285  -0.637   4.700   -11870.79    16301.69    21806.16    29701.33
   3.304   3.280  -0.643   4.700   -12933.82    16785.66    22598.34    30979.46
   3.308   3.276  -0.649   4.700   -14050.44    17269.83    23401.42    32299.97
   3.311   3.272  -0.655   4.701   -15221.86    17753.70    24215.06    33664.05
   3.315   3.267  -0.661   4.701   -16449.29    18236.80    25038.90    35072.87
   3.319   3.263  -0.666   4.702   -17733.96    18718.63    25872.59    36527.68
   3.323   3.259  -0.672   4.703   -19077.08    19198.72    26715.80    38029.72
   3.327   3.255  -0.678   4.704   -20479.87    19676.58    27568.18    39580.26
   3.331   3.251  -0.683   4.705   -21943.55    20151.76    28429.41    41180.63
   3.335   3.247  -0.689   4.706   -23469.36    20623.79    29299.16    42832.15
   3.340   3.244  -0.694   4.707   -25058.55    21092.21    30177.13    44536.18
   3.344   3.240  -0.700   4.709   -26712.36    21556.56    31063.00    46294.12
   3.349   3.236  -0.705   4.710   -28432.05    22016.40    31956.48    48107.38
   3.354   3.232  -0.710   4.712   -30218.90    22471.30    32857.29    49977.43
   3.359   3.229  -0.715   4.714   -32074.21    22920.82    33765.16    51905.73
   3.364   3.225  -0.721   4.716   -33999.27    23364.54    34679.82    53893.81
   3.369   3.222  -0.726   4.718   -35995.43    23802.05    35601.03    55943.20
   3.374   3.219  -0.731   4.720   -38064.01    24232.93    36528.54    58055.48
   3.379   3.215  -0.736   4.722   -40206.41    24656.79    37462.15    60232.26
   3.385   3.212  -0.741   4.725   -42424.00    25073.23    38401.64    62475.18
   3.390   3.209  -0.746   4.727   -44718.21    25481.87    39346.82    64785.93
   3.396   3.206  -0.751   4.730   -47090.50    25882.33    40297.50    67166.20
   3.399   3.204  -0.753   4.731   -48306.38    26079.38    40774.85    68382.96
   3.399   3.204  -0.753   4.731   -48335.11    26083.97    40786.06    68411.69
   3.399   3.204  -0.753   4.731   -48345.89    26085.69    40790.26    68422.47
   3.399   3.204  -0.753   4.731   -48353.98    26086.98    40793.41    68430.55
   3.399   3.204  -0.753   4.731   -48355.50    26087.22    40794.00    68432.07
   3.399   3.204  -0.753   4.731   -48356.06    26087.31    40794.22    68432.64
   3.399   3.204  -0.753   4.731************************************************
